0, 11159, [39](15,27,13,16,18,12,5,25,10,3,0,33,9,32,35,8,7,1,21,30,36,19,24,38,29,28,11,34,23,2,31,37,4,17,22,26,6,20,14)
1, 11487, [39](8,35,32,9,33,0,3,10,25,5,12,18,16,15,13,27,20,14,6,26,22,17,4,37,31,2,23,34,11,28,29,38,24,19,36,30,21,1,7)
2, 11487, [39](8,35,32,9,33,0,3,10,25,5,12,18,16,15,13,27,20,14,6,26,22,17,4,37,31,2,23,34,11,28,29,38,24,19,36,30,21,1,7)
3, 11487, [39](8,35,32,9,33,0,3,10,25,5,12,18,16,15,13,27,20,14,6,26,22,17,4,37,31,2,23,34,11,28,29,38,24,19,36,30,21,1,7)
4, 11487, [39](8,35,32,9,33,0,3,10,25,5,12,18,16,15,13,27,20,14,6,26,22,17,4,37,31,2,23,34,11,28,29,38,24,19,36,30,21,1,7)
5, 11487, [39](8,35,32,9,33,0,3,10,25,5,12,18,16,15,13,27,20,14,6,26,22,17,4,37,31,2,23,34,11,28,29,38,24,19,36,30,21,1,7)
6, 11487, [39](10,3,0,33,9,32,35,8,7,1,21,30,36,19,24,38,29,28,11,34,23,2,31,37,4,17,22,26,6,14,20,27,13,15,16,18,12,5,25)
7, 11487, [39](10,3,0,33,9,32,35,8,7,1,21,30,36,19,24,38,29,28,11,34,23,2,31,37,4,17,22,26,6,14,20,27,13,15,16,18,12,5,25)
8, 11487, [39](10,3,0,33,9,32,35,8,7,1,21,30,36,19,24,38,29,28,11,34,23,2,31,37,4,17,22,26,6,14,20,27,13,15,16,18,12,5,25)
9, 11487, [39](10,3,0,33,9,32,35,8,7,1,21,30,36,19,24,38,29,28,11,34,23,2,31,37,4,17,22,26,6,14,20,27,13,15,16,18,12,5,25)
10, 11487, [39](10,3,0,33,9,32,35,8,7,1,21,30,36,19,24,38,29,28,11,34,23,2,31,37,4,17,22,26,6,14,20,27,13,15,16,18,12,5,25)
11, 11487, [39](10,3,0,33,9,32,35,8,7,1,21,30,36,19,24,38,29,28,11,34,23,2,31,37,4,17,22,26,6,14,20,27,13,15,16,18,12,5,25)
12, 11487, [39](10,3,0,33,9,32,35,8,7,1,21,30,36,19,24,38,29,28,11,34,23,2,31,37,4,17,22,26,6,14,20,27,13,15,16,18,12,5,25)
13, 11487, [39](10,3,0,33,9,32,35,8,7,1,21,30,36,19,24,38,29,28,11,34,23,2,31,37,4,17,22,26,6,14,20,27,13,15,16,18,12,5,25)
14, 11487, [39](10,3,0,33,9,32,35,8,7,1,21,30,36,19,24,38,29,28,11,34,23,2,31,37,4,17,22,26,6,14,20,27,13,15,16,18,12,5,25)
15, 11487, [39](10,3,0,33,9,32,35,8,7,1,21,30,36,19,24,38,29,28,11,34,23,2,31,37,4,17,22,26,6,14,20,27,13,15,16,18,12,5,25)
16, 11487, [39](10,3,0,33,9,32,35,8,7,1,21,30,36,19,24,38,29,28,11,34,23,2,31,37,4,17,22,26,6,14,20,27,13,15,16,18,12,5,25)
17, 11487, [39](10,3,0,33,9,32,35,8,7,1,21,30,36,19,24,38,29,28,11,34,23,2,31,37,4,17,22,26,6,14,20,27,13,15,16,18,12,5,25)
18, 11487, [39](10,3,0,33,9,32,35,8,7,1,21,30,36,19,24,38,29,28,11,34,23,2,31,37,4,17,22,26,6,14,20,27,13,15,16,18,12,5,25)
19, 11487, [39](10,3,0,33,9,32,35,8,7,1,21,30,36,19,24,38,29,28,11,34,23,2,31,37,4,17,22,26,6,14,20,27,13,15,16,18,12,5,25)
20, 11487, [39](10,3,0,33,9,32,35,8,7,1,21,30,36,19,24,38,29,28,11,34,23,2,31,37,4,17,22,26,6,14,20,27,13,15,16,18,12,5,25)
21, 11487, [39](10,3,0,33,9,32,35,8,7,1,21,30,36,19,24,38,29,28,11,34,23,2,31,37,4,17,22,26,6,14,20,27,13,15,16,18,12,5,25)
22, 11487, [39](10,3,0,33,9,32,35,8,7,1,21,30,36,19,24,38,29,28,11,34,23,2,31,37,4,17,22,26,6,14,20,27,13,15,16,18,12,5,25)
23, 11487, [39](10,3,0,33,9,32,35,8,7,1,21,30,36,19,24,38,29,28,11,34,23,2,31,37,4,17,22,26,6,14,20,27,13,15,16,18,12,5,25)
24, 11487, [39](10,3,0,33,9,32,35,8,7,1,21,30,36,19,24,38,29,28,11,34,23,2,31,37,4,17,22,26,6,14,20,27,13,15,16,18,12,5,25)
25, 11487, [39](10,3,0,33,9,32,35,8,7,1,21,30,36,19,24,38,29,28,11,34,23,2,31,37,4,17,22,26,6,14,20,27,13,15,16,18,12,5,25)
26, 11487, [39](32,35,8,7,1,21,30,36,19,24,38,29,28,11,34,23,2,31,37,4,17,22,26,6,14,20,27,13,15,16,18,12,5,25,10,3,0,33,9)
27, 11487, [39](32,35,8,7,1,21,30,36,19,24,38,29,28,11,34,23,2,31,37,4,17,22,26,6,14,20,27,13,15,16,18,12,5,25,10,3,0,33,9)
28, 11487, [39](32,35,8,7,1,21,30,36,19,24,38,29,28,11,34,23,2,31,37,4,17,22,26,6,14,20,27,13,15,16,18,12,5,25,10,3,0,33,9)
29, 11487, [39](32,35,8,7,1,21,30,36,19,24,38,29,28,11,34,23,2,31,37,4,17,22,26,6,14,20,27,13,15,16,18,12,5,25,10,3,0,33,9)
30, 11487, [39](32,35,8,7,1,21,30,36,19,24,38,29,28,11,34,23,2,31,37,4,17,22,26,6,14,20,27,13,15,16,18,12,5,25,10,3,0,33,9)
31, 11487, [39](32,35,8,7,1,21,30,36,19,24,38,29,28,11,34,23,2,31,37,4,17,22,26,6,14,20,27,13,15,16,18,12,5,25,10,3,0,33,9)
32, 11487, [39](32,35,8,7,1,21,30,36,19,24,38,29,28,11,34,23,2,31,37,4,17,22,26,6,14,20,27,13,15,16,18,12,5,25,10,3,0,33,9)
33, 11487, [39](32,35,8,7,1,21,30,36,19,24,38,29,28,11,34,23,2,31,37,4,17,22,26,6,14,20,27,13,15,16,18,12,5,25,10,3,0,33,9)
34, 11487, [39](32,35,8,7,1,21,30,36,19,24,38,29,28,11,34,23,2,31,37,4,17,22,26,6,14,20,27,13,15,16,18,12,5,25,10,3,0,33,9)
35, 11487, [39](32,35,8,7,1,21,30,36,19,24,38,29,28,11,34,23,2,31,37,4,17,22,26,6,14,20,27,13,15,16,18,12,5,25,10,3,0,33,9)
36, 11487, [39](32,35,8,7,1,21,30,36,19,24,38,29,28,11,34,23,2,31,37,4,17,22,26,6,14,20,27,13,15,16,18,12,5,25,10,3,0,33,9)
37, 11487, [39](32,35,8,7,1,21,30,36,19,24,38,29,28,11,34,23,2,31,37,4,17,22,26,6,14,20,27,13,15,16,18,12,5,25,10,3,0,33,9)
38, 11487, [39](32,35,8,7,1,21,30,36,19,24,38,29,28,11,34,23,2,31,37,4,17,22,26,6,14,20,27,13,15,16,18,12,5,25,10,3,0,33,9)
39, 11487, [39](32,35,8,7,1,21,30,36,19,24,38,29,28,11,34,23,2,31,37,4,17,22,26,6,14,20,27,13,15,16,18,12,5,25,10,3,0,33,9)
40, 11487, [39](32,35,8,7,1,21,30,36,19,24,38,29,28,11,34,23,2,31,37,4,17,22,26,6,14,20,27,13,15,16,18,12,5,25,10,3,0,33,9)
41, 11487, [39](32,35,8,7,1,21,30,36,19,24,38,29,28,11,34,23,2,31,37,4,17,22,26,6,14,20,27,13,15,16,18,12,5,25,10,3,0,33,9)
42, 11487, [39](32,35,8,7,1,21,30,36,19,24,38,29,28,11,34,23,2,31,37,4,17,22,26,6,14,20,27,13,15,16,18,12,5,25,10,3,0,33,9)
43, 11487, [39](32,35,8,7,1,21,30,36,19,24,38,29,28,11,34,23,2,31,37,4,17,22,26,6,14,20,27,13,15,16,18,12,5,25,10,3,0,33,9)
44, 11487, [39](32,35,8,7,1,21,30,36,19,24,38,29,28,11,34,23,2,31,37,4,17,22,26,6,14,20,27,13,15,16,18,12,5,25,10,3,0,33,9)
45, 11487, [39](32,35,8,7,1,21,30,36,19,24,38,29,28,11,34,23,2,31,37,4,17,22,26,6,14,20,27,13,15,16,18,12,5,25,10,3,0,33,9)
46, 11487, [39](32,35,8,7,1,21,30,36,19,24,38,29,28,11,34,23,2,31,37,4,17,22,26,6,14,20,27,13,15,16,18,12,5,25,10,3,0,33,9)
47, 11487, [39](32,35,8,7,1,21,30,36,19,24,38,29,28,11,34,23,2,31,37,4,17,22,26,6,14,20,27,13,15,16,18,12,5,25,10,3,0,33,9)
48, 11487, [39](32,35,8,7,1,21,30,36,19,24,38,29,28,11,34,23,2,31,37,4,17,22,26,6,14,20,27,13,15,16,18,12,5,25,10,3,0,33,9)
49, 11487, [39](32,35,8,7,1,21,30,36,19,24,38,29,28,11,34,23,2,31,37,4,17,22,26,6,14,20,27,13,15,16,18,12,5,25,10,3,0,33,9)
50, 11487, [39](32,35,8,7,1,21,30,36,19,24,38,29,28,11,34,23,2,31,37,4,17,22,26,6,14,20,27,13,15,16,18,12,5,25,10,3,0,33,9)
51, 11487, [39](32,35,8,7,1,21,30,36,19,24,38,29,28,11,34,23,2,31,37,4,17,22,26,6,14,20,27,13,15,16,18,12,5,25,10,3,0,33,9)
52, 11487, [39](32,35,8,7,1,21,30,36,19,24,38,29,28,11,34,23,2,31,37,4,17,22,26,6,14,20,27,13,15,16,18,12,5,25,10,3,0,33,9)
53, 11487, [39](32,35,8,7,1,21,30,36,19,24,38,29,28,11,34,23,2,31,37,4,17,22,26,6,14,20,27,13,15,16,18,12,5,25,10,3,0,33,9)
54, 11487, [39](32,35,8,7,1,21,30,36,19,24,38,29,28,11,34,23,2,31,37,4,17,22,26,6,14,20,27,13,15,16,18,12,5,25,10,3,0,33,9)
55, 11487, [39](32,35,8,7,1,21,30,36,19,24,38,29,28,11,34,23,2,31,37,4,17,22,26,6,14,20,27,13,15,16,18,12,5,25,10,3,0,33,9)
56, 11487, [39](32,35,8,7,1,21,30,36,19,24,38,29,28,11,34,23,2,31,37,4,17,22,26,6,14,20,27,13,15,16,18,12,5,25,10,3,0,33,9)
57, 11487, [39](32,35,8,7,1,21,30,36,19,24,38,29,28,11,34,23,2,31,37,4,17,22,26,6,14,20,27,13,15,16,18,12,5,25,10,3,0,33,9)
58, 11487, [39](32,35,8,7,1,21,30,36,19,24,38,29,28,11,34,23,2,31,37,4,17,22,26,6,14,20,27,13,15,16,18,12,5,25,10,3,0,33,9)
59, 11487, [39](32,35,8,7,1,21,30,36,19,24,38,29,28,11,34,23,2,31,37,4,17,22,26,6,14,20,27,13,15,16,18,12,5,25,10,3,0,33,9)
60, 11487, [39](32,35,8,7,1,21,30,36,19,24,38,29,28,11,34,23,2,31,37,4,17,22,26,6,14,20,27,13,15,16,18,12,5,25,10,3,0,33,9)
61, 11487, [39](32,35,8,7,1,21,30,36,19,24,38,29,28,11,34,23,2,31,37,4,17,22,26,6,14,20,27,13,15,16,18,12,5,25,10,3,0,33,9)
62, 11487, [39](32,35,8,7,1,21,30,36,19,24,38,29,28,11,34,23,2,31,37,4,17,22,26,6,14,20,27,13,15,16,18,12,5,25,10,3,0,33,9)
63, 11487, [39](32,35,8,7,1,21,30,36,19,24,38,29,28,11,34,23,2,31,37,4,17,22,26,6,14,20,27,13,15,16,18,12,5,25,10,3,0,33,9)
64, 11487, [39](32,35,8,7,1,21,30,36,19,24,38,29,28,11,34,23,2,31,37,4,17,22,26,6,14,20,27,13,15,16,18,12,5,25,10,3,0,33,9)
65, 11487, [39](32,35,8,7,1,21,30,36,19,24,38,29,28,11,34,23,2,31,37,4,17,22,26,6,14,20,27,13,15,16,18,12,5,25,10,3,0,33,9)
66, 11487, [39](32,35,8,7,1,21,30,36,19,24,38,29,28,11,34,23,2,31,37,4,17,22,26,6,14,20,27,13,15,16,18,12,5,25,10,3,0,33,9)
67, 11487, [39](32,35,8,7,1,21,30,36,19,24,38,29,28,11,34,23,2,31,37,4,17,22,26,6,14,20,27,13,15,16,18,12,5,25,10,3,0,33,9)
68, 11487, [39](32,35,8,7,1,21,30,36,19,24,38,29,28,11,34,23,2,31,37,4,17,22,26,6,14,20,27,13,15,16,18,12,5,25,10,3,0,33,9)
69, 11487, [39](32,35,8,7,1,21,30,36,19,24,38,29,28,11,34,23,2,31,37,4,17,22,26,6,14,20,27,13,15,16,18,12,5,25,10,3,0,33,9)
70, 11487, [39](32,35,8,7,1,21,30,36,19,24,38,29,28,11,34,23,2,31,37,4,17,22,26,6,14,20,27,13,15,16,18,12,5,25,10,3,0,33,9)
71, 11487, [39](32,35,8,7,1,21,30,36,19,24,38,29,28,11,34,23,2,31,37,4,17,22,26,6,14,20,27,13,15,16,18,12,5,25,10,3,0,33,9)
72, 11487, [39](32,35,8,7,1,21,30,36,19,24,38,29,28,11,34,23,2,31,37,4,17,22,26,6,14,20,27,13,15,16,18,12,5,25,10,3,0,33,9)
73, 11487, [39](32,35,8,7,1,21,30,36,19,24,38,29,28,11,34,23,2,31,37,4,17,22,26,6,14,20,27,13,15,16,18,12,5,25,10,3,0,33,9)
74, 11487, [39](32,35,8,7,1,21,30,36,19,24,38,29,28,11,34,23,2,31,37,4,17,22,26,6,14,20,27,13,15,16,18,12,5,25,10,3,0,33,9)
75, 11487, [39](32,35,8,7,1,21,30,36,19,24,38,29,28,11,34,23,2,31,37,4,17,22,26,6,14,20,27,13,15,16,18,12,5,25,10,3,0,33,9)
76, 11487, [39](32,35,8,7,1,21,30,36,19,24,38,29,28,11,34,23,2,31,37,4,17,22,26,6,14,20,27,13,15,16,18,12,5,25,10,3,0,33,9)
77, 11487, [39](32,35,8,7,1,21,30,36,19,24,38,29,28,11,34,23,2,31,37,4,17,22,26,6,14,20,27,13,15,16,18,12,5,25,10,3,0,33,9)
78, 11487, [39](32,35,8,7,1,21,30,36,19,24,38,29,28,11,34,23,2,31,37,4,17,22,26,6,14,20,27,13,15,16,18,12,5,25,10,3,0,33,9)
79, 11487, [39](32,35,8,7,1,21,30,36,19,24,38,29,28,11,34,23,2,31,37,4,17,22,26,6,14,20,27,13,15,16,18,12,5,25,10,3,0,33,9)
80, 11487, [39](32,35,8,7,1,21,30,36,19,24,38,29,28,11,34,23,2,31,37,4,17,22,26,6,14,20,27,13,15,16,18,12,5,25,10,3,0,33,9)
81, 11487, [39](32,35,8,7,1,21,30,36,19,24,38,29,28,11,34,23,2,31,37,4,17,22,26,6,14,20,27,13,15,16,18,12,5,25,10,3,0,33,9)
82, 11487, [39](32,35,8,7,1,21,30,36,19,24,38,29,28,11,34,23,2,31,37,4,17,22,26,6,14,20,27,13,15,16,18,12,5,25,10,3,0,33,9)
83, 11487, [39](32,35,8,7,1,21,30,36,19,24,38,29,28,11,34,23,2,31,37,4,17,22,26,6,14,20,27,13,15,16,18,12,5,25,10,3,0,33,9)
84, 11487, [39](32,35,8,7,1,21,30,36,19,24,38,29,28,11,34,23,2,31,37,4,17,22,26,6,14,20,27,13,15,16,18,12,5,25,10,3,0,33,9)
85, 11487, [39](32,35,8,7,1,21,30,36,19,24,38,29,28,11,34,23,2,31,37,4,17,22,26,6,14,20,27,13,15,16,18,12,5,25,10,3,0,33,9)
86, 11487, [39](32,35,8,7,1,21,30,36,19,24,38,29,28,11,34,23,2,31,37,4,17,22,26,6,14,20,27,13,15,16,18,12,5,25,10,3,0,33,9)
87, 11487, [39](32,35,8,7,1,21,30,36,19,24,38,29,28,11,34,23,2,31,37,4,17,22,26,6,14,20,27,13,15,16,18,12,5,25,10,3,0,33,9)
88, 11487, [39](32,35,8,7,1,21,30,36,19,24,38,29,28,11,34,23,2,31,37,4,17,22,26,6,14,20,27,13,15,16,18,12,5,25,10,3,0,33,9)
89, 11487, [39](32,35,8,7,1,21,30,36,19,24,38,29,28,11,34,23,2,31,37,4,17,22,26,6,14,20,27,13,15,16,18,12,5,25,10,3,0,33,9)
90, 11487, [39](32,35,8,7,1,21,30,36,19,24,38,29,28,11,34,23,2,31,37,4,17,22,26,6,14,20,27,13,15,16,18,12,5,25,10,3,0,33,9)
91, 11487, [39](32,35,8,7,1,21,30,36,19,24,38,29,28,11,34,23,2,31,37,4,17,22,26,6,14,20,27,13,15,16,18,12,5,25,10,3,0,33,9)
92, 11487, [39](32,35,8,7,1,21,30,36,19,24,38,29,28,11,34,23,2,31,37,4,17,22,26,6,14,20,27,13,15,16,18,12,5,25,10,3,0,33,9)
93, 11487, [39](32,35,8,7,1,21,30,36,19,24,38,29,28,11,34,23,2,31,37,4,17,22,26,6,14,20,27,13,15,16,18,12,5,25,10,3,0,33,9)
94, 11487, [39](32,35,8,7,1,21,30,36,19,24,38,29,28,11,34,23,2,31,37,4,17,22,26,6,14,20,27,13,15,16,18,12,5,25,10,3,0,33,9)
95, 11487, [39](32,35,8,7,1,21,30,36,19,24,38,29,28,11,34,23,2,31,37,4,17,22,26,6,14,20,27,13,15,16,18,12,5,25,10,3,0,33,9)
96, 11487, [39](32,35,8,7,1,21,30,36,19,24,38,29,28,11,34,23,2,31,37,4,17,22,26,6,14,20,27,13,15,16,18,12,5,25,10,3,0,33,9)
97, 11487, [39](32,35,8,7,1,21,30,36,19,24,38,29,28,11,34,23,2,31,37,4,17,22,26,6,14,20,27,13,15,16,18,12,5,25,10,3,0,33,9)
98, 11487, [39](32,35,8,7,1,21,30,36,19,24,38,29,28,11,34,23,2,31,37,4,17,22,26,6,14,20,27,13,15,16,18,12,5,25,10,3,0,33,9)
99, 11487, [39](32,35,8,7,1,21,30,36,19,24,38,29,28,11,34,23,2,31,37,4,17,22,26,6,14,20,27,13,15,16,18,12,5,25,10,3,0,33,9)
100, 11487, [39](32,35,8,7,1,21,30,36,19,24,38,29,28,11,34,23,2,31,37,4,17,22,26,6,14,20,27,13,15,16,18,12,5,25,10,3,0,33,9)
101, 11487, [39](32,35,8,7,1,21,30,36,19,24,38,29,28,11,34,23,2,31,37,4,17,22,26,6,14,20,27,13,15,16,18,12,5,25,10,3,0,33,9)
102, 11487, [39](32,35,8,7,1,21,30,36,19,24,38,29,28,11,34,23,2,31,37,4,17,22,26,6,14,20,27,13,15,16,18,12,5,25,10,3,0,33,9)
103, 11487, [39](32,35,8,7,1,21,30,36,19,24,38,29,28,11,34,23,2,31,37,4,17,22,26,6,14,20,27,13,15,16,18,12,5,25,10,3,0,33,9)
104, 11487, [39](32,35,8,7,1,21,30,36,19,24,38,29,28,11,34,23,2,31,37,4,17,22,26,6,14,20,27,13,15,16,18,12,5,25,10,3,0,33,9)
105, 11487, [39](32,35,8,7,1,21,30,36,19,24,38,29,28,11,34,23,2,31,37,4,17,22,26,6,14,20,27,13,15,16,18,12,5,25,10,3,0,33,9)
106, 11487, [39](32,35,8,7,1,21,30,36,19,24,38,29,28,11,34,23,2,31,37,4,17,22,26,6,14,20,27,13,15,16,18,12,5,25,10,3,0,33,9)
107, 11487, [39](32,35,8,7,1,21,30,36,19,24,38,29,28,11,34,23,2,31,37,4,17,22,26,6,14,20,27,13,15,16,18,12,5,25,10,3,0,33,9)
108, 11487, [39](32,35,8,7,1,21,30,36,19,24,38,29,28,11,34,23,2,31,37,4,17,22,26,6,14,20,27,13,15,16,18,12,5,25,10,3,0,33,9)
109, 11487, [39](32,35,8,7,1,21,30,36,19,24,38,29,28,11,34,23,2,31,37,4,17,22,26,6,14,20,27,13,15,16,18,12,5,25,10,3,0,33,9)
110, 11487, [39](32,35,8,7,1,21,30,36,19,24,38,29,28,11,34,23,2,31,37,4,17,22,26,6,14,20,27,13,15,16,18,12,5,25,10,3,0,33,9)
111, 11487, [39](32,35,8,7,1,21,30,36,19,24,38,29,28,11,34,23,2,31,37,4,17,22,26,6,14,20,27,13,15,16,18,12,5,25,10,3,0,33,9)
112, 11487, [39](32,35,8,7,1,21,30,36,19,24,38,29,28,11,34,23,2,31,37,4,17,22,26,6,14,20,27,13,15,16,18,12,5,25,10,3,0,33,9)
113, 11487, [39](32,35,8,7,1,21,30,36,19,24,38,29,28,11,34,23,2,31,37,4,17,22,26,6,14,20,27,13,15,16,18,12,5,25,10,3,0,33,9)
114, 11487, [39](32,35,8,7,1,21,30,36,19,24,38,29,28,11,34,23,2,31,37,4,17,22,26,6,14,20,27,13,15,16,18,12,5,25,10,3,0,33,9)
115, 11487, [39](32,35,8,7,1,21,30,36,19,24,38,29,28,11,34,23,2,31,37,4,17,22,26,6,14,20,27,13,15,16,18,12,5,25,10,3,0,33,9)
116, 11487, [39](32,35,8,7,1,21,30,36,19,24,38,29,28,11,34,23,2,31,37,4,17,22,26,6,14,20,27,13,15,16,18,12,5,25,10,3,0,33,9)
117, 11487, [39](32,35,8,7,1,21,30,36,19,24,38,29,28,11,34,23,2,31,37,4,17,22,26,6,14,20,27,13,15,16,18,12,5,25,10,3,0,33,9)
118, 11487, [39](32,35,8,7,1,21,30,36,19,24,38,29,28,11,34,23,2,31,37,4,17,22,26,6,14,20,27,13,15,16,18,12,5,25,10,3,0,33,9)
119, 11487, [39](32,35,8,7,1,21,30,36,19,24,38,29,28,11,34,23,2,31,37,4,17,22,26,6,14,20,27,13,15,16,18,12,5,25,10,3,0,33,9)
120, 11487, [39](32,35,8,7,1,21,30,36,19,24,38,29,28,11,34,23,2,31,37,4,17,22,26,6,14,20,27,13,15,16,18,12,5,25,10,3,0,33,9)
121, 11487, [39](32,35,8,7,1,21,30,36,19,24,38,29,28,11,34,23,2,31,37,4,17,22,26,6,14,20,27,13,15,16,18,12,5,25,10,3,0,33,9)
122, 11487, [39](32,35,8,7,1,21,30,36,19,24,38,29,28,11,34,23,2,31,37,4,17,22,26,6,14,20,27,13,15,16,18,12,5,25,10,3,0,33,9)
123, 11487, [39](32,35,8,7,1,21,30,36,19,24,38,29,28,11,34,23,2,31,37,4,17,22,26,6,14,20,27,13,15,16,18,12,5,25,10,3,0,33,9)
124, 11487, [39](32,35,8,7,1,21,30,36,19,24,38,29,28,11,34,23,2,31,37,4,17,22,26,6,14,20,27,13,15,16,18,12,5,25,10,3,0,33,9)
125, 11487, [39](32,35,8,7,1,21,30,36,19,24,38,29,28,11,34,23,2,31,37,4,17,22,26,6,14,20,27,13,15,16,18,12,5,25,10,3,0,33,9)
126, 11487, [39](32,35,8,7,1,21,30,36,19,24,38,29,28,11,34,23,2,31,37,4,17,22,26,6,14,20,27,13,15,16,18,12,5,25,10,3,0,33,9)
127, 11487, [39](32,35,8,7,1,21,30,36,19,24,38,29,28,11,34,23,2,31,37,4,17,22,26,6,14,20,27,13,15,16,18,12,5,25,10,3,0,33,9)
128, 11487, [39](32,35,8,7,1,21,30,36,19,24,38,29,28,11,34,23,2,31,37,4,17,22,26,6,14,20,27,13,15,16,18,12,5,25,10,3,0,33,9)
129, 11487, [39](32,35,8,7,1,21,30,36,19,24,38,29,28,11,34,23,2,31,37,4,17,22,26,6,14,20,27,13,15,16,18,12,5,25,10,3,0,33,9)
130, 11487, [39](32,35,8,7,1,21,30,36,19,24,38,29,28,11,34,23,2,31,37,4,17,22,26,6,14,20,27,13,15,16,18,12,5,25,10,3,0,33,9)
131, 11487, [39](32,35,8,7,1,21,30,36,19,24,38,29,28,11,34,23,2,31,37,4,17,22,26,6,14,20,27,13,15,16,18,12,5,25,10,3,0,33,9)
132, 11487, [39](32,35,8,7,1,21,30,36,19,24,38,29,28,11,34,23,2,31,37,4,17,22,26,6,14,20,27,13,15,16,18,12,5,25,10,3,0,33,9)
133, 11487, [39](32,35,8,7,1,21,30,36,19,24,38,29,28,11,34,23,2,31,37,4,17,22,26,6,14,20,27,13,15,16,18,12,5,25,10,3,0,33,9)
134, 11487, [39](32,35,8,7,1,21,30,36,19,24,38,29,28,11,34,23,2,31,37,4,17,22,26,6,14,20,27,13,15,16,18,12,5,25,10,3,0,33,9)
135, 11487, [39](32,35,8,7,1,21,30,36,19,24,38,29,28,11,34,23,2,31,37,4,17,22,26,6,14,20,27,13,15,16,18,12,5,25,10,3,0,33,9)
136, 11487, [39](32,35,8,7,1,21,30,36,19,24,38,29,28,11,34,23,2,31,37,4,17,22,26,6,14,20,27,13,15,16,18,12,5,25,10,3,0,33,9)
137, 11487, [39](32,35,8,7,1,21,30,36,19,24,38,29,28,11,34,23,2,31,37,4,17,22,26,6,14,20,27,13,15,16,18,12,5,25,10,3,0,33,9)
138, 11487, [39](32,35,8,7,1,21,30,36,19,24,38,29,28,11,34,23,2,31,37,4,17,22,26,6,14,20,27,13,15,16,18,12,5,25,10,3,0,33,9)
139, 11487, [39](32,35,8,7,1,21,30,36,19,24,38,29,28,11,34,23,2,31,37,4,17,22,26,6,14,20,27,13,15,16,18,12,5,25,10,3,0,33,9)
140, 11487, [39](32,35,8,7,1,21,30,36,19,24,38,29,28,11,34,23,2,31,37,4,17,22,26,6,14,20,27,13,15,16,18,12,5,25,10,3,0,33,9)
141, 11487, [39](32,35,8,7,1,21,30,36,19,24,38,29,28,11,34,23,2,31,37,4,17,22,26,6,14,20,27,13,15,16,18,12,5,25,10,3,0,33,9)
142, 11487, [39](32,35,8,7,1,21,30,36,19,24,38,29,28,11,34,23,2,31,37,4,17,22,26,6,14,20,27,13,15,16,18,12,5,25,10,3,0,33,9)
143, 11487, [39](32,35,8,7,1,21,30,36,19,24,38,29,28,11,34,23,2,31,37,4,17,22,26,6,14,20,27,13,15,16,18,12,5,25,10,3,0,33,9)
144, 11487, [39](32,35,8,7,1,21,30,36,19,24,38,29,28,11,34,23,2,31,37,4,17,22,26,6,14,20,27,13,15,16,18,12,5,25,10,3,0,33,9)
145, 11487, [39](32,35,8,7,1,21,30,36,19,24,38,29,28,11,34,23,2,31,37,4,17,22,26,6,14,20,27,13,15,16,18,12,5,25,10,3,0,33,9)
146, 11487, [39](32,35,8,7,1,21,30,36,19,24,38,29,28,11,34,23,2,31,37,4,17,22,26,6,14,20,27,13,15,16,18,12,5,25,10,3,0,33,9)
147, 11487, [39](32,35,8,7,1,21,30,36,19,24,38,29,28,11,34,23,2,31,37,4,17,22,26,6,14,20,27,13,15,16,18,12,5,25,10,3,0,33,9)
148, 11487, [39](32,35,8,7,1,21,30,36,19,24,38,29,28,11,34,23,2,31,37,4,17,22,26,6,14,20,27,13,15,16,18,12,5,25,10,3,0,33,9)
149, 11487, [39](32,35,8,7,1,21,30,36,19,24,38,29,28,11,34,23,2,31,37,4,17,22,26,6,14,20,27,13,15,16,18,12,5,25,10,3,0,33,9)
150, 11487, [39](32,35,8,7,1,21,30,36,19,24,38,29,28,11,34,23,2,31,37,4,17,22,26,6,14,20,27,13,15,16,18,12,5,25,10,3,0,33,9)
151, 11487, [39](32,35,8,7,1,21,30,36,19,24,38,29,28,11,34,23,2,31,37,4,17,22,26,6,14,20,27,13,15,16,18,12,5,25,10,3,0,33,9)
152, 11487, [39](32,35,8,7,1,21,30,36,19,24,38,29,28,11,34,23,2,31,37,4,17,22,26,6,14,20,27,13,15,16,18,12,5,25,10,3,0,33,9)
153, 11487, [39](32,35,8,7,1,21,30,36,19,24,38,29,28,11,34,23,2,31,37,4,17,22,26,6,14,20,27,13,15,16,18,12,5,25,10,3,0,33,9)
154, 11487, [39](32,35,8,7,1,21,30,36,19,24,38,29,28,11,34,23,2,31,37,4,17,22,26,6,14,20,27,13,15,16,18,12,5,25,10,3,0,33,9)
155, 11487, [39](32,35,8,7,1,21,30,36,19,24,38,29,28,11,34,23,2,31,37,4,17,22,26,6,14,20,27,13,15,16,18,12,5,25,10,3,0,33,9)
156, 11487, [39](32,35,8,7,1,21,30,36,19,24,38,29,28,11,34,23,2,31,37,4,17,22,26,6,14,20,27,13,15,16,18,12,5,25,10,3,0,33,9)
157, 11487, [39](32,35,8,7,1,21,30,36,19,24,38,29,28,11,34,23,2,31,37,4,17,22,26,6,14,20,27,13,15,16,18,12,5,25,10,3,0,33,9)
158, 11487, [39](32,35,8,7,1,21,30,36,19,24,38,29,28,11,34,23,2,31,37,4,17,22,26,6,14,20,27,13,15,16,18,12,5,25,10,3,0,33,9)
159, 11487, [39](32,35,8,7,1,21,30,36,19,24,38,29,28,11,34,23,2,31,37,4,17,22,26,6,14,20,27,13,15,16,18,12,5,25,10,3,0,33,9)
160, 11487, [39](32,35,8,7,1,21,30,36,19,24,38,29,28,11,34,23,2,31,37,4,17,22,26,6,14,20,27,13,15,16,18,12,5,25,10,3,0,33,9)
161, 11487, [39](32,35,8,7,1,21,30,36,19,24,38,29,28,11,34,23,2,31,37,4,17,22,26,6,14,20,27,13,15,16,18,12,5,25,10,3,0,33,9)
162, 11487, [39](32,35,8,7,1,21,30,36,19,24,38,29,28,11,34,23,2,31,37,4,17,22,26,6,14,20,27,13,15,16,18,12,5,25,10,3,0,33,9)
163, 11487, [39](32,35,8,7,1,21,30,36,19,24,38,29,28,11,34,23,2,31,37,4,17,22,26,6,14,20,27,13,15,16,18,12,5,25,10,3,0,33,9)
164, 11487, [39](32,35,8,7,1,21,30,36,19,24,38,29,28,11,34,23,2,31,37,4,17,22,26,6,14,20,27,13,15,16,18,12,5,25,10,3,0,33,9)
165, 11487, [39](32,35,8,7,1,21,30,36,19,24,38,29,28,11,34,23,2,31,37,4,17,22,26,6,14,20,27,13,15,16,18,12,5,25,10,3,0,33,9)
166, 11487, [39](32,35,8,7,1,21,30,36,19,24,38,29,28,11,34,23,2,31,37,4,17,22,26,6,14,20,27,13,15,16,18,12,5,25,10,3,0,33,9)
167, 11487, [39](32,35,8,7,1,21,30,36,19,24,38,29,28,11,34,23,2,31,37,4,17,22,26,6,14,20,27,13,15,16,18,12,5,25,10,3,0,33,9)
168, 11487, [39](32,35,8,7,1,21,30,36,19,24,38,29,28,11,34,23,2,31,37,4,17,22,26,6,14,20,27,13,15,16,18,12,5,25,10,3,0,33,9)
169, 11487, [39](32,35,8,7,1,21,30,36,19,24,38,29,28,11,34,23,2,31,37,4,17,22,26,6,14,20,27,13,15,16,18,12,5,25,10,3,0,33,9)
170, 11487, [39](32,35,8,7,1,21,30,36,19,24,38,29,28,11,34,23,2,31,37,4,17,22,26,6,14,20,27,13,15,16,18,12,5,25,10,3,0,33,9)
171, 11487, [39](32,35,8,7,1,21,30,36,19,24,38,29,28,11,34,23,2,31,37,4,17,22,26,6,14,20,27,13,15,16,18,12,5,25,10,3,0,33,9)
172, 11487, [39](32,35,8,7,1,21,30,36,19,24,38,29,28,11,34,23,2,31,37,4,17,22,26,6,14,20,27,13,15,16,18,12,5,25,10,3,0,33,9)
173, 11487, [39](32,35,8,7,1,21,30,36,19,24,38,29,28,11,34,23,2,31,37,4,17,22,26,6,14,20,27,13,15,16,18,12,5,25,10,3,0,33,9)
174, 11487, [39](32,35,8,7,1,21,30,36,19,24,38,29,28,11,34,23,2,31,37,4,17,22,26,6,14,20,27,13,15,16,18,12,5,25,10,3,0,33,9)
175, 11487, [39](32,35,8,7,1,21,30,36,19,24,38,29,28,11,34,23,2,31,37,4,17,22,26,6,14,20,27,13,15,16,18,12,5,25,10,3,0,33,9)
176, 11487, [39](32,35,8,7,1,21,30,36,19,24,38,29,28,11,34,23,2,31,37,4,17,22,26,6,14,20,27,13,15,16,18,12,5,25,10,3,0,33,9)
177, 11487, [39](32,35,8,7,1,21,30,36,19,24,38,29,28,11,34,23,2,31,37,4,17,22,26,6,14,20,27,13,15,16,18,12,5,25,10,3,0,33,9)
178, 11487, [39](32,35,8,7,1,21,30,36,19,24,38,29,28,11,34,23,2,31,37,4,17,22,26,6,14,20,27,13,15,16,18,12,5,25,10,3,0,33,9)
179, 11487, [39](32,35,8,7,1,21,30,36,19,24,38,29,28,11,34,23,2,31,37,4,17,22,26,6,14,20,27,13,15,16,18,12,5,25,10,3,0,33,9)
180, 11487, [39](32,35,8,7,1,21,30,36,19,24,38,29,28,11,34,23,2,31,37,4,17,22,26,6,14,20,27,13,15,16,18,12,5,25,10,3,0,33,9)
181, 11487, [39](32,35,8,7,1,21,30,36,19,24,38,29,28,11,34,23,2,31,37,4,17,22,26,6,14,20,27,13,15,16,18,12,5,25,10,3,0,33,9)
182, 11487, [39](32,35,8,7,1,21,30,36,19,24,38,29,28,11,34,23,2,31,37,4,17,22,26,6,14,20,27,13,15,16,18,12,5,25,10,3,0,33,9)
183, 11487, [39](32,35,8,7,1,21,30,36,19,24,38,29,28,11,34,23,2,31,37,4,17,22,26,6,14,20,27,13,15,16,18,12,5,25,10,3,0,33,9)
184, 11487, [39](32,35,8,7,1,21,30,36,19,24,38,29,28,11,34,23,2,31,37,4,17,22,26,6,14,20,27,13,15,16,18,12,5,25,10,3,0,33,9)
185, 11487, [39](32,35,8,7,1,21,30,36,19,24,38,29,28,11,34,23,2,31,37,4,17,22,26,6,14,20,27,13,15,16,18,12,5,25,10,3,0,33,9)
186, 11487, [39](32,35,8,7,1,21,30,36,19,24,38,29,28,11,34,23,2,31,37,4,17,22,26,6,14,20,27,13,15,16,18,12,5,25,10,3,0,33,9)
187, 11487, [39](32,35,8,7,1,21,30,36,19,24,38,29,28,11,34,23,2,31,37,4,17,22,26,6,14,20,27,13,15,16,18,12,5,25,10,3,0,33,9)
188, 11487, [39](32,35,8,7,1,21,30,36,19,24,38,29,28,11,34,23,2,31,37,4,17,22,26,6,14,20,27,13,15,16,18,12,5,25,10,3,0,33,9)
189, 11487, [39](32,35,8,7,1,21,30,36,19,24,38,29,28,11,34,23,2,31,37,4,17,22,26,6,14,20,27,13,15,16,18,12,5,25,10,3,0,33,9)
190, 11487, [39](32,35,8,7,1,21,30,36,19,24,38,29,28,11,34,23,2,31,37,4,17,22,26,6,14,20,27,13,15,16,18,12,5,25,10,3,0,33,9)
191, 11487, [39](32,35,8,7,1,21,30,36,19,24,38,29,28,11,34,23,2,31,37,4,17,22,26,6,14,20,27,13,15,16,18,12,5,25,10,3,0,33,9)
192, 11487, [39](32,35,8,7,1,21,30,36,19,24,38,29,28,11,34,23,2,31,37,4,17,22,26,6,14,20,27,13,15,16,18,12,5,25,10,3,0,33,9)
193, 11487, [39](32,35,8,7,1,21,30,36,19,24,38,29,28,11,34,23,2,31,37,4,17,22,26,6,14,20,27,13,15,16,18,12,5,25,10,3,0,33,9)
194, 11487, [39](32,35,8,7,1,21,30,36,19,24,38,29,28,11,34,23,2,31,37,4,17,22,26,6,14,20,27,13,15,16,18,12,5,25,10,3,0,33,9)
195, 11487, [39](32,35,8,7,1,21,30,36,19,24,38,29,28,11,34,23,2,31,37,4,17,22,26,6,14,20,27,13,15,16,18,12,5,25,10,3,0,33,9)
196, 11487, [39](32,35,8,7,1,21,30,36,19,24,38,29,28,11,34,23,2,31,37,4,17,22,26,6,14,20,27,13,15,16,18,12,5,25,10,3,0,33,9)
197, 11487, [39](32,35,8,7,1,21,30,36,19,24,38,29,28,11,34,23,2,31,37,4,17,22,26,6,14,20,27,13,15,16,18,12,5,25,10,3,0,33,9)
198, 11487, [39](32,35,8,7,1,21,30,36,19,24,38,29,28,11,34,23,2,31,37,4,17,22,26,6,14,20,27,13,15,16,18,12,5,25,10,3,0,33,9)
199, 11487, [39](32,35,8,7,1,21,30,36,19,24,38,29,28,11,34,23,2,31,37,4,17,22,26,6,14,20,27,13,15,16,18,12,5,25,10,3,0,33,9)
200, 11487, [39](32,35,8,7,1,21,30,36,19,24,38,29,28,11,34,23,2,31,37,4,17,22,26,6,14,20,27,13,15,16,18,12,5,25,10,3,0,33,9)
201, 11487, [39](32,35,8,7,1,21,30,36,19,24,38,29,28,11,34,23,2,31,37,4,17,22,26,6,14,20,27,13,15,16,18,12,5,25,10,3,0,33,9)
202, 11487, [39](32,35,8,7,1,21,30,36,19,24,38,29,28,11,34,23,2,31,37,4,17,22,26,6,14,20,27,13,15,16,18,12,5,25,10,3,0,33,9)
203, 11487, [39](32,35,8,7,1,21,30,36,19,24,38,29,28,11,34,23,2,31,37,4,17,22,26,6,14,20,27,13,15,16,18,12,5,25,10,3,0,33,9)
204, 11487, [39](32,35,8,7,1,21,30,36,19,24,38,29,28,11,34,23,2,31,37,4,17,22,26,6,14,20,27,13,15,16,18,12,5,25,10,3,0,33,9)
205, 11487, [39](32,35,8,7,1,21,30,36,19,24,38,29,28,11,34,23,2,31,37,4,17,22,26,6,14,20,27,13,15,16,18,12,5,25,10,3,0,33,9)
206, 11487, [39](32,35,8,7,1,21,30,36,19,24,38,29,28,11,34,23,2,31,37,4,17,22,26,6,14,20,27,13,15,16,18,12,5,25,10,3,0,33,9)
207, 11487, [39](32,35,8,7,1,21,30,36,19,24,38,29,28,11,34,23,2,31,37,4,17,22,26,6,14,20,27,13,15,16,18,12,5,25,10,3,0,33,9)
208, 11487, [39](32,35,8,7,1,21,30,36,19,24,38,29,28,11,34,23,2,31,37,4,17,22,26,6,14,20,27,13,15,16,18,12,5,25,10,3,0,33,9)
209, 11487, [39](32,35,8,7,1,21,30,36,19,24,38,29,28,11,34,23,2,31,37,4,17,22,26,6,14,20,27,13,15,16,18,12,5,25,10,3,0,33,9)
210, 11487, [39](32,35,8,7,1,21,30,36,19,24,38,29,28,11,34,23,2,31,37,4,17,22,26,6,14,20,27,13,15,16,18,12,5,25,10,3,0,33,9)
211, 11487, [39](32,35,8,7,1,21,30,36,19,24,38,29,28,11,34,23,2,31,37,4,17,22,26,6,14,20,27,13,15,16,18,12,5,25,10,3,0,33,9)
212, 11487, [39](32,35,8,7,1,21,30,36,19,24,38,29,28,11,34,23,2,31,37,4,17,22,26,6,14,20,27,13,15,16,18,12,5,25,10,3,0,33,9)
213, 11487, [39](32,35,8,7,1,21,30,36,19,24,38,29,28,11,34,23,2,31,37,4,17,22,26,6,14,20,27,13,15,16,18,12,5,25,10,3,0,33,9)
214, 11487, [39](32,35,8,7,1,21,30,36,19,24,38,29,28,11,34,23,2,31,37,4,17,22,26,6,14,20,27,13,15,16,18,12,5,25,10,3,0,33,9)
215, 11487, [39](32,35,8,7,1,21,30,36,19,24,38,29,28,11,34,23,2,31,37,4,17,22,26,6,14,20,27,13,15,16,18,12,5,25,10,3,0,33,9)
216, 11487, [39](32,35,8,7,1,21,30,36,19,24,38,29,28,11,34,23,2,31,37,4,17,22,26,6,14,20,27,13,15,16,18,12,5,25,10,3,0,33,9)
217, 11487, [39](32,35,8,7,1,21,30,36,19,24,38,29,28,11,34,23,2,31,37,4,17,22,26,6,14,20,27,13,15,16,18,12,5,25,10,3,0,33,9)
218, 11487, [39](32,35,8,7,1,21,30,36,19,24,38,29,28,11,34,23,2,31,37,4,17,22,26,6,14,20,27,13,15,16,18,12,5,25,10,3,0,33,9)
219, 11487, [39](32,35,8,7,1,21,30,36,19,24,38,29,28,11,34,23,2,31,37,4,17,22,26,6,14,20,27,13,15,16,18,12,5,25,10,3,0,33,9)
220, 11487, [39](32,35,8,7,1,21,30,36,19,24,38,29,28,11,34,23,2,31,37,4,17,22,26,6,14,20,27,13,15,16,18,12,5,25,10,3,0,33,9)
221, 11487, [39](32,35,8,7,1,21,30,36,19,24,38,29,28,11,34,23,2,31,37,4,17,22,26,6,14,20,27,13,15,16,18,12,5,25,10,3,0,33,9)
222, 11487, [39](32,35,8,7,1,21,30,36,19,24,38,29,28,11,34,23,2,31,37,4,17,22,26,6,14,20,27,13,15,16,18,12,5,25,10,3,0,33,9)
223, 11487, [39](32,35,8,7,1,21,30,36,19,24,38,29,28,11,34,23,2,31,37,4,17,22,26,6,14,20,27,13,15,16,18,12,5,25,10,3,0,33,9)
224, 11487, [39](32,35,8,7,1,21,30,36,19,24,38,29,28,11,34,23,2,31,37,4,17,22,26,6,14,20,27,13,15,16,18,12,5,25,10,3,0,33,9)
225, 11487, [39](32,35,8,7,1,21,30,36,19,24,38,29,28,11,34,23,2,31,37,4,17,22,26,6,14,20,27,13,15,16,18,12,5,25,10,3,0,33,9)
226, 11487, [39](32,35,8,7,1,21,30,36,19,24,38,29,28,11,34,23,2,31,37,4,17,22,26,6,14,20,27,13,15,16,18,12,5,25,10,3,0,33,9)
227, 11487, [39](32,35,8,7,1,21,30,36,19,24,38,29,28,11,34,23,2,31,37,4,17,22,26,6,14,20,27,13,15,16,18,12,5,25,10,3,0,33,9)
228, 11487, [39](32,35,8,7,1,21,30,36,19,24,38,29,28,11,34,23,2,31,37,4,17,22,26,6,14,20,27,13,15,16,18,12,5,25,10,3,0,33,9)
229, 11487, [39](32,35,8,7,1,21,30,36,19,24,38,29,28,11,34,23,2,31,37,4,17,22,26,6,14,20,27,13,15,16,18,12,5,25,10,3,0,33,9)
230, 11487, [39](32,35,8,7,1,21,30,36,19,24,38,29,28,11,34,23,2,31,37,4,17,22,26,6,14,20,27,13,15,16,18,12,5,25,10,3,0,33,9)
231, 11487, [39](32,35,8,7,1,21,30,36,19,24,38,29,28,11,34,23,2,31,37,4,17,22,26,6,14,20,27,13,15,16,18,12,5,25,10,3,0,33,9)
232, 11487, [39](32,35,8,7,1,21,30,36,19,24,38,29,28,11,34,23,2,31,37,4,17,22,26,6,14,20,27,13,15,16,18,12,5,25,10,3,0,33,9)
233, 11487, [39](32,35,8,7,1,21,30,36,19,24,38,29,28,11,34,23,2,31,37,4,17,22,26,6,14,20,27,13,15,16,18,12,5,25,10,3,0,33,9)
234, 11487, [39](32,35,8,7,1,21,30,36,19,24,38,29,28,11,34,23,2,31,37,4,17,22,26,6,14,20,27,13,15,16,18,12,5,25,10,3,0,33,9)
235, 11487, [39](32,35,8,7,1,21,30,36,19,24,38,29,28,11,34,23,2,31,37,4,17,22,26,6,14,20,27,13,15,16,18,12,5,25,10,3,0,33,9)
236, 11487, [39](32,35,8,7,1,21,30,36,19,24,38,29,28,11,34,23,2,31,37,4,17,22,26,6,14,20,27,13,15,16,18,12,5,25,10,3,0,33,9)
237, 11487, [39](32,35,8,7,1,21,30,36,19,24,38,29,28,11,34,23,2,31,37,4,17,22,26,6,14,20,27,13,15,16,18,12,5,25,10,3,0,33,9)
238, 11487, [39](32,35,8,7,1,21,30,36,19,24,38,29,28,11,34,23,2,31,37,4,17,22,26,6,14,20,27,13,15,16,18,12,5,25,10,3,0,33,9)
239, 11487, [39](32,35,8,7,1,21,30,36,19,24,38,29,28,11,34,23,2,31,37,4,17,22,26,6,14,20,27,13,15,16,18,12,5,25,10,3,0,33,9)
240, 11487, [39](32,35,8,7,1,21,30,36,19,24,38,29,28,11,34,23,2,31,37,4,17,22,26,6,14,20,27,13,15,16,18,12,5,25,10,3,0,33,9)
241, 11487, [39](32,35,8,7,1,21,30,36,19,24,38,29,28,11,34,23,2,31,37,4,17,22,26,6,14,20,27,13,15,16,18,12,5,25,10,3,0,33,9)
242, 11487, [39](32,35,8,7,1,21,30,36,19,24,38,29,28,11,34,23,2,31,37,4,17,22,26,6,14,20,27,13,15,16,18,12,5,25,10,3,0,33,9)
243, 11487, [39](32,35,8,7,1,21,30,36,19,24,38,29,28,11,34,23,2,31,37,4,17,22,26,6,14,20,27,13,15,16,18,12,5,25,10,3,0,33,9)
244, 11487, [39](32,35,8,7,1,21,30,36,19,24,38,29,28,11,34,23,2,31,37,4,17,22,26,6,14,20,27,13,15,16,18,12,5,25,10,3,0,33,9)
245, 11487, [39](32,35,8,7,1,21,30,36,19,24,38,29,28,11,34,23,2,31,37,4,17,22,26,6,14,20,27,13,15,16,18,12,5,25,10,3,0,33,9)
246, 11487, [39](32,35,8,7,1,21,30,36,19,24,38,29,28,11,34,23,2,31,37,4,17,22,26,6,14,20,27,13,15,16,18,12,5,25,10,3,0,33,9)
247, 11487, [39](32,35,8,7,1,21,30,36,19,24,38,29,28,11,34,23,2,31,37,4,17,22,26,6,14,20,27,13,15,16,18,12,5,25,10,3,0,33,9)
248, 11487, [39](32,35,8,7,1,21,30,36,19,24,38,29,28,11,34,23,2,31,37,4,17,22,26,6,14,20,27,13,15,16,18,12,5,25,10,3,0,33,9)
249, 11487, [39](32,35,8,7,1,21,30,36,19,24,38,29,28,11,34,23,2,31,37,4,17,22,26,6,14,20,27,13,15,16,18,12,5,25,10,3,0,33,9)
250, 11487, [39](32,35,8,7,1,21,30,36,19,24,38,29,28,11,34,23,2,31,37,4,17,22,26,6,14,20,27,13,15,16,18,12,5,25,10,3,0,33,9)
251, 11487, [39](32,35,8,7,1,21,30,36,19,24,38,29,28,11,34,23,2,31,37,4,17,22,26,6,14,20,27,13,15,16,18,12,5,25,10,3,0,33,9)
252, 11487, [39](32,35,8,7,1,21,30,36,19,24,38,29,28,11,34,23,2,31,37,4,17,22,26,6,14,20,27,13,15,16,18,12,5,25,10,3,0,33,9)
253, 11487, [39](32,35,8,7,1,21,30,36,19,24,38,29,28,11,34,23,2,31,37,4,17,22,26,6,14,20,27,13,15,16,18,12,5,25,10,3,0,33,9)
254, 11487, [39](32,35,8,7,1,21,30,36,19,24,38,29,28,11,34,23,2,31,37,4,17,22,26,6,14,20,27,13,15,16,18,12,5,25,10,3,0,33,9)
255, 11487, [39](32,35,8,7,1,21,30,36,19,24,38,29,28,11,34,23,2,31,37,4,17,22,26,6,14,20,27,13,15,16,18,12,5,25,10,3,0,33,9)
256, 11487, [39](32,35,8,7,1,21,30,36,19,24,38,29,28,11,34,23,2,31,37,4,17,22,26,6,14,20,27,13,15,16,18,12,5,25,10,3,0,33,9)
257, 11487, [39](32,35,8,7,1,21,30,36,19,24,38,29,28,11,34,23,2,31,37,4,17,22,26,6,14,20,27,13,15,16,18,12,5,25,10,3,0,33,9)
258, 11487, [39](32,35,8,7,1,21,30,36,19,24,38,29,28,11,34,23,2,31,37,4,17,22,26,6,14,20,27,13,15,16,18,12,5,25,10,3,0,33,9)
259, 11487, [39](32,35,8,7,1,21,30,36,19,24,38,29,28,11,34,23,2,31,37,4,17,22,26,6,14,20,27,13,15,16,18,12,5,25,10,3,0,33,9)
260, 11487, [39](32,35,8,7,1,21,30,36,19,24,38,29,28,11,34,23,2,31,37,4,17,22,26,6,14,20,27,13,15,16,18,12,5,25,10,3,0,33,9)
261, 11487, [39](32,35,8,7,1,21,30,36,19,24,38,29,28,11,34,23,2,31,37,4,17,22,26,6,14,20,27,13,15,16,18,12,5,25,10,3,0,33,9)
262, 11487, [39](32,35,8,7,1,21,30,36,19,24,38,29,28,11,34,23,2,31,37,4,17,22,26,6,14,20,27,13,15,16,18,12,5,25,10,3,0,33,9)
263, 11487, [39](32,35,8,7,1,21,30,36,19,24,38,29,28,11,34,23,2,31,37,4,17,22,26,6,14,20,27,13,15,16,18,12,5,25,10,3,0,33,9)
264, 11487, [39](32,35,8,7,1,21,30,36,19,24,38,29,28,11,34,23,2,31,37,4,17,22,26,6,14,20,27,13,15,16,18,12,5,25,10,3,0,33,9)
265, 11487, [39](32,35,8,7,1,21,30,36,19,24,38,29,28,11,34,23,2,31,37,4,17,22,26,6,14,20,27,13,15,16,18,12,5,25,10,3,0,33,9)
266, 11487, [39](32,35,8,7,1,21,30,36,19,24,38,29,28,11,34,23,2,31,37,4,17,22,26,6,14,20,27,13,15,16,18,12,5,25,10,3,0,33,9)
267, 11487, [39](32,35,8,7,1,21,30,36,19,24,38,29,28,11,34,23,2,31,37,4,17,22,26,6,14,20,27,13,15,16,18,12,5,25,10,3,0,33,9)
268, 11487, [39](32,35,8,7,1,21,30,36,19,24,38,29,28,11,34,23,2,31,37,4,17,22,26,6,14,20,27,13,15,16,18,12,5,25,10,3,0,33,9)
269, 11487, [39](32,35,8,7,1,21,30,36,19,24,38,29,28,11,34,23,2,31,37,4,17,22,26,6,14,20,27,13,15,16,18,12,5,25,10,3,0,33,9)
270, 11487, [39](32,35,8,7,1,21,30,36,19,24,38,29,28,11,34,23,2,31,37,4,17,22,26,6,14,20,27,13,15,16,18,12,5,25,10,3,0,33,9)
271, 11487, [39](32,35,8,7,1,21,30,36,19,24,38,29,28,11,34,23,2,31,37,4,17,22,26,6,14,20,27,13,15,16,18,12,5,25,10,3,0,33,9)
272, 11487, [39](32,35,8,7,1,21,30,36,19,24,38,29,28,11,34,23,2,31,37,4,17,22,26,6,14,20,27,13,15,16,18,12,5,25,10,3,0,33,9)
273, 11487, [39](32,35,8,7,1,21,30,36,19,24,38,29,28,11,34,23,2,31,37,4,17,22,26,6,14,20,27,13,15,16,18,12,5,25,10,3,0,33,9)
274, 11487, [39](32,35,8,7,1,21,30,36,19,24,38,29,28,11,34,23,2,31,37,4,17,22,26,6,14,20,27,13,15,16,18,12,5,25,10,3,0,33,9)
275, 11487, [39](32,35,8,7,1,21,30,36,19,24,38,29,28,11,34,23,2,31,37,4,17,22,26,6,14,20,27,13,15,16,18,12,5,25,10,3,0,33,9)
276, 11487, [39](32,35,8,7,1,21,30,36,19,24,38,29,28,11,34,23,2,31,37,4,17,22,26,6,14,20,27,13,15,16,18,12,5,25,10,3,0,33,9)
277, 11487, [39](32,35,8,7,1,21,30,36,19,24,38,29,28,11,34,23,2,31,37,4,17,22,26,6,14,20,27,13,15,16,18,12,5,25,10,3,0,33,9)
278, 11487, [39](32,35,8,7,1,21,30,36,19,24,38,29,28,11,34,23,2,31,37,4,17,22,26,6,14,20,27,13,15,16,18,12,5,25,10,3,0,33,9)
279, 11487, [39](32,35,8,7,1,21,30,36,19,24,38,29,28,11,34,23,2,31,37,4,17,22,26,6,14,20,27,13,15,16,18,12,5,25,10,3,0,33,9)
280, 11487, [39](32,35,8,7,1,21,30,36,19,24,38,29,28,11,34,23,2,31,37,4,17,22,26,6,14,20,27,13,15,16,18,12,5,25,10,3,0,33,9)
281, 11487, [39](32,35,8,7,1,21,30,36,19,24,38,29,28,11,34,23,2,31,37,4,17,22,26,6,14,20,27,13,15,16,18,12,5,25,10,3,0,33,9)
282, 11487, [39](32,35,8,7,1,21,30,36,19,24,38,29,28,11,34,23,2,31,37,4,17,22,26,6,14,20,27,13,15,16,18,12,5,25,10,3,0,33,9)
283, 11487, [39](32,35,8,7,1,21,30,36,19,24,38,29,28,11,34,23,2,31,37,4,17,22,26,6,14,20,27,13,15,16,18,12,5,25,10,3,0,33,9)
284, 11487, [39](32,35,8,7,1,21,30,36,19,24,38,29,28,11,34,23,2,31,37,4,17,22,26,6,14,20,27,13,15,16,18,12,5,25,10,3,0,33,9)
285, 11487, [39](32,35,8,7,1,21,30,36,19,24,38,29,28,11,34,23,2,31,37,4,17,22,26,6,14,20,27,13,15,16,18,12,5,25,10,3,0,33,9)
286, 11487, [39](32,35,8,7,1,21,30,36,19,24,38,29,28,11,34,23,2,31,37,4,17,22,26,6,14,20,27,13,15,16,18,12,5,25,10,3,0,33,9)
287, 11487, [39](32,35,8,7,1,21,30,36,19,24,38,29,28,11,34,23,2,31,37,4,17,22,26,6,14,20,27,13,15,16,18,12,5,25,10,3,0,33,9)
288, 11487, [39](32,35,8,7,1,21,30,36,19,24,38,29,28,11,34,23,2,31,37,4,17,22,26,6,14,20,27,13,15,16,18,12,5,25,10,3,0,33,9)
289, 11487, [39](32,35,8,7,1,21,30,36,19,24,38,29,28,11,34,23,2,31,37,4,17,22,26,6,14,20,27,13,15,16,18,12,5,25,10,3,0,33,9)
290, 11487, [39](32,35,8,7,1,21,30,36,19,24,38,29,28,11,34,23,2,31,37,4,17,22,26,6,14,20,27,13,15,16,18,12,5,25,10,3,0,33,9)
291, 11487, [39](32,35,8,7,1,21,30,36,19,24,38,29,28,11,34,23,2,31,37,4,17,22,26,6,14,20,27,13,15,16,18,12,5,25,10,3,0,33,9)
292, 11487, [39](32,35,8,7,1,21,30,36,19,24,38,29,28,11,34,23,2,31,37,4,17,22,26,6,14,20,27,13,15,16,18,12,5,25,10,3,0,33,9)
293, 11487, [39](32,35,8,7,1,21,30,36,19,24,38,29,28,11,34,23,2,31,37,4,17,22,26,6,14,20,27,13,15,16,18,12,5,25,10,3,0,33,9)
294, 11487, [39](32,35,8,7,1,21,30,36,19,24,38,29,28,11,34,23,2,31,37,4,17,22,26,6,14,20,27,13,15,16,18,12,5,25,10,3,0,33,9)
295, 11487, [39](32,35,8,7,1,21,30,36,19,24,38,29,28,11,34,23,2,31,37,4,17,22,26,6,14,20,27,13,15,16,18,12,5,25,10,3,0,33,9)
296, 11487, [39](32,35,8,7,1,21,30,36,19,24,38,29,28,11,34,23,2,31,37,4,17,22,26,6,14,20,27,13,15,16,18,12,5,25,10,3,0,33,9)
297, 11487, [39](32,35,8,7,1,21,30,36,19,24,38,29,28,11,34,23,2,31,37,4,17,22,26,6,14,20,27,13,15,16,18,12,5,25,10,3,0,33,9)
298, 11487, [39](32,35,8,7,1,21,30,36,19,24,38,29,28,11,34,23,2,31,37,4,17,22,26,6,14,20,27,13,15,16,18,12,5,25,10,3,0,33,9)
299, 11487, [39](32,35,8,7,1,21,30,36,19,24,38,29,28,11,34,23,2,31,37,4,17,22,26,6,14,20,27,13,15,16,18,12,5,25,10,3,0,33,9)
300, 11487, [39](32,35,8,7,1,21,30,36,19,24,38,29,28,11,34,23,2,31,37,4,17,22,26,6,14,20,27,13,15,16,18,12,5,25,10,3,0,33,9)
301, 11487, [39](32,35,8,7,1,21,30,36,19,24,38,29,28,11,34,23,2,31,37,4,17,22,26,6,14,20,27,13,15,16,18,12,5,25,10,3,0,33,9)
302, 11487, [39](32,35,8,7,1,21,30,36,19,24,38,29,28,11,34,23,2,31,37,4,17,22,26,6,14,20,27,13,15,16,18,12,5,25,10,3,0,33,9)
303, 11487, [39](32,35,8,7,1,21,30,36,19,24,38,29,28,11,34,23,2,31,37,4,17,22,26,6,14,20,27,13,15,16,18,12,5,25,10,3,0,33,9)
304, 11487, [39](32,35,8,7,1,21,30,36,19,24,38,29,28,11,34,23,2,31,37,4,17,22,26,6,14,20,27,13,15,16,18,12,5,25,10,3,0,33,9)
305, 11487, [39](32,35,8,7,1,21,30,36,19,24,38,29,28,11,34,23,2,31,37,4,17,22,26,6,14,20,27,13,15,16,18,12,5,25,10,3,0,33,9)
306, 11487, [39](32,35,8,7,1,21,30,36,19,24,38,29,28,11,34,23,2,31,37,4,17,22,26,6,14,20,27,13,15,16,18,12,5,25,10,3,0,33,9)
307, 11487, [39](32,35,8,7,1,21,30,36,19,24,38,29,28,11,34,23,2,31,37,4,17,22,26,6,14,20,27,13,15,16,18,12,5,25,10,3,0,33,9)
308, 11487, [39](32,35,8,7,1,21,30,36,19,24,38,29,28,11,34,23,2,31,37,4,17,22,26,6,14,20,27,13,15,16,18,12,5,25,10,3,0,33,9)
309, 11487, [39](32,35,8,7,1,21,30,36,19,24,38,29,28,11,34,23,2,31,37,4,17,22,26,6,14,20,27,13,15,16,18,12,5,25,10,3,0,33,9)
310, 11487, [39](32,35,8,7,1,21,30,36,19,24,38,29,28,11,34,23,2,31,37,4,17,22,26,6,14,20,27,13,15,16,18,12,5,25,10,3,0,33,9)
311, 11487, [39](32,35,8,7,1,21,30,36,19,24,38,29,28,11,34,23,2,31,37,4,17,22,26,6,14,20,27,13,15,16,18,12,5,25,10,3,0,33,9)
312, 11487, [39](32,35,8,7,1,21,30,36,19,24,38,29,28,11,34,23,2,31,37,4,17,22,26,6,14,20,27,13,15,16,18,12,5,25,10,3,0,33,9)
313, 11487, [39](32,35,8,7,1,21,30,36,19,24,38,29,28,11,34,23,2,31,37,4,17,22,26,6,14,20,27,13,15,16,18,12,5,25,10,3,0,33,9)
314, 11487, [39](32,35,8,7,1,21,30,36,19,24,38,29,28,11,34,23,2,31,37,4,17,22,26,6,14,20,27,13,15,16,18,12,5,25,10,3,0,33,9)
315, 11487, [39](32,35,8,7,1,21,30,36,19,24,38,29,28,11,34,23,2,31,37,4,17,22,26,6,14,20,27,13,15,16,18,12,5,25,10,3,0,33,9)
316, 11487, [39](32,35,8,7,1,21,30,36,19,24,38,29,28,11,34,23,2,31,37,4,17,22,26,6,14,20,27,13,15,16,18,12,5,25,10,3,0,33,9)
317, 11487, [39](32,35,8,7,1,21,30,36,19,24,38,29,28,11,34,23,2,31,37,4,17,22,26,6,14,20,27,13,15,16,18,12,5,25,10,3,0,33,9)
318, 11487, [39](32,35,8,7,1,21,30,36,19,24,38,29,28,11,34,23,2,31,37,4,17,22,26,6,14,20,27,13,15,16,18,12,5,25,10,3,0,33,9)
319, 11487, [39](32,35,8,7,1,21,30,36,19,24,38,29,28,11,34,23,2,31,37,4,17,22,26,6,14,20,27,13,15,16,18,12,5,25,10,3,0,33,9)
320, 11487, [39](32,35,8,7,1,21,30,36,19,24,38,29,28,11,34,23,2,31,37,4,17,22,26,6,14,20,27,13,15,16,18,12,5,25,10,3,0,33,9)
321, 11487, [39](32,35,8,7,1,21,30,36,19,24,38,29,28,11,34,23,2,31,37,4,17,22,26,6,14,20,27,13,15,16,18,12,5,25,10,3,0,33,9)
322, 11487, [39](32,35,8,7,1,21,30,36,19,24,38,29,28,11,34,23,2,31,37,4,17,22,26,6,14,20,27,13,15,16,18,12,5,25,10,3,0,33,9)
323, 11487, [39](32,35,8,7,1,21,30,36,19,24,38,29,28,11,34,23,2,31,37,4,17,22,26,6,14,20,27,13,15,16,18,12,5,25,10,3,0,33,9)
324, 11487, [39](32,35,8,7,1,21,30,36,19,24,38,29,28,11,34,23,2,31,37,4,17,22,26,6,14,20,27,13,15,16,18,12,5,25,10,3,0,33,9)
325, 11487, [39](32,35,8,7,1,21,30,36,19,24,38,29,28,11,34,23,2,31,37,4,17,22,26,6,14,20,27,13,15,16,18,12,5,25,10,3,0,33,9)
326, 11487, [39](32,35,8,7,1,21,30,36,19,24,38,29,28,11,34,23,2,31,37,4,17,22,26,6,14,20,27,13,15,16,18,12,5,25,10,3,0,33,9)
327, 11487, [39](32,35,8,7,1,21,30,36,19,24,38,29,28,11,34,23,2,31,37,4,17,22,26,6,14,20,27,13,15,16,18,12,5,25,10,3,0,33,9)
328, 11487, [39](32,35,8,7,1,21,30,36,19,24,38,29,28,11,34,23,2,31,37,4,17,22,26,6,14,20,27,13,15,16,18,12,5,25,10,3,0,33,9)
329, 11487, [39](32,35,8,7,1,21,30,36,19,24,38,29,28,11,34,23,2,31,37,4,17,22,26,6,14,20,27,13,15,16,18,12,5,25,10,3,0,33,9)
330, 11487, [39](32,35,8,7,1,21,30,36,19,24,38,29,28,11,34,23,2,31,37,4,17,22,26,6,14,20,27,13,15,16,18,12,5,25,10,3,0,33,9)
331, 11487, [39](32,35,8,7,1,21,30,36,19,24,38,29,28,11,34,23,2,31,37,4,17,22,26,6,14,20,27,13,15,16,18,12,5,25,10,3,0,33,9)
332, 11487, [39](32,35,8,7,1,21,30,36,19,24,38,29,28,11,34,23,2,31,37,4,17,22,26,6,14,20,27,13,15,16,18,12,5,25,10,3,0,33,9)
333, 11487, [39](32,35,8,7,1,21,30,36,19,24,38,29,28,11,34,23,2,31,37,4,17,22,26,6,14,20,27,13,15,16,18,12,5,25,10,3,0,33,9)
334, 11487, [39](32,35,8,7,1,21,30,36,19,24,38,29,28,11,34,23,2,31,37,4,17,22,26,6,14,20,27,13,15,16,18,12,5,25,10,3,0,33,9)
335, 11487, [39](32,35,8,7,1,21,30,36,19,24,38,29,28,11,34,23,2,31,37,4,17,22,26,6,14,20,27,13,15,16,18,12,5,25,10,3,0,33,9)
336, 11487, [39](32,35,8,7,1,21,30,36,19,24,38,29,28,11,34,23,2,31,37,4,17,22,26,6,14,20,27,13,15,16,18,12,5,25,10,3,0,33,9)
337, 11487, [39](32,35,8,7,1,21,30,36,19,24,38,29,28,11,34,23,2,31,37,4,17,22,26,6,14,20,27,13,15,16,18,12,5,25,10,3,0,33,9)
338, 11487, [39](32,35,8,7,1,21,30,36,19,24,38,29,28,11,34,23,2,31,37,4,17,22,26,6,14,20,27,13,15,16,18,12,5,25,10,3,0,33,9)
339, 11487, [39](32,35,8,7,1,21,30,36,19,24,38,29,28,11,34,23,2,31,37,4,17,22,26,6,14,20,27,13,15,16,18,12,5,25,10,3,0,33,9)
340, 11487, [39](32,35,8,7,1,21,30,36,19,24,38,29,28,11,34,23,2,31,37,4,17,22,26,6,14,20,27,13,15,16,18,12,5,25,10,3,0,33,9)
341, 11487, [39](32,35,8,7,1,21,30,36,19,24,38,29,28,11,34,23,2,31,37,4,17,22,26,6,14,20,27,13,15,16,18,12,5,25,10,3,0,33,9)
342, 11487, [39](32,35,8,7,1,21,30,36,19,24,38,29,28,11,34,23,2,31,37,4,17,22,26,6,14,20,27,13,15,16,18,12,5,25,10,3,0,33,9)
343, 11487, [39](32,35,8,7,1,21,30,36,19,24,38,29,28,11,34,23,2,31,37,4,17,22,26,6,14,20,27,13,15,16,18,12,5,25,10,3,0,33,9)
344, 11487, [39](32,35,8,7,1,21,30,36,19,24,38,29,28,11,34,23,2,31,37,4,17,22,26,6,14,20,27,13,15,16,18,12,5,25,10,3,0,33,9)
345, 11487, [39](32,35,8,7,1,21,30,36,19,24,38,29,28,11,34,23,2,31,37,4,17,22,26,6,14,20,27,13,15,16,18,12,5,25,10,3,0,33,9)
346, 11487, [39](32,35,8,7,1,21,30,36,19,24,38,29,28,11,34,23,2,31,37,4,17,22,26,6,14,20,27,13,15,16,18,12,5,25,10,3,0,33,9)
347, 11487, [39](32,35,8,7,1,21,30,36,19,24,38,29,28,11,34,23,2,31,37,4,17,22,26,6,14,20,27,13,15,16,18,12,5,25,10,3,0,33,9)
348, 11487, [39](32,35,8,7,1,21,30,36,19,24,38,29,28,11,34,23,2,31,37,4,17,22,26,6,14,20,27,13,15,16,18,12,5,25,10,3,0,33,9)
349, 11487, [39](32,35,8,7,1,21,30,36,19,24,38,29,28,11,34,23,2,31,37,4,17,22,26,6,14,20,27,13,15,16,18,12,5,25,10,3,0,33,9)
350, 11487, [39](32,35,8,7,1,21,30,36,19,24,38,29,28,11,34,23,2,31,37,4,17,22,26,6,14,20,27,13,15,16,18,12,5,25,10,3,0,33,9)
351, 11487, [39](32,35,8,7,1,21,30,36,19,24,38,29,28,11,34,23,2,31,37,4,17,22,26,6,14,20,27,13,15,16,18,12,5,25,10,3,0,33,9)
352, 11487, [39](32,35,8,7,1,21,30,36,19,24,38,29,28,11,34,23,2,31,37,4,17,22,26,6,14,20,27,13,15,16,18,12,5,25,10,3,0,33,9)
353, 11487, [39](32,35,8,7,1,21,30,36,19,24,38,29,28,11,34,23,2,31,37,4,17,22,26,6,14,20,27,13,15,16,18,12,5,25,10,3,0,33,9)
354, 11487, [39](32,35,8,7,1,21,30,36,19,24,38,29,28,11,34,23,2,31,37,4,17,22,26,6,14,20,27,13,15,16,18,12,5,25,10,3,0,33,9)
355, 11487, [39](32,35,8,7,1,21,30,36,19,24,38,29,28,11,34,23,2,31,37,4,17,22,26,6,14,20,27,13,15,16,18,12,5,25,10,3,0,33,9)
356, 11487, [39](32,35,8,7,1,21,30,36,19,24,38,29,28,11,34,23,2,31,37,4,17,22,26,6,14,20,27,13,15,16,18,12,5,25,10,3,0,33,9)
357, 11487, [39](32,35,8,7,1,21,30,36,19,24,38,29,28,11,34,23,2,31,37,4,17,22,26,6,14,20,27,13,15,16,18,12,5,25,10,3,0,33,9)
358, 11487, [39](32,35,8,7,1,21,30,36,19,24,38,29,28,11,34,23,2,31,37,4,17,22,26,6,14,20,27,13,15,16,18,12,5,25,10,3,0,33,9)
359, 11487, [39](32,35,8,7,1,21,30,36,19,24,38,29,28,11,34,23,2,31,37,4,17,22,26,6,14,20,27,13,15,16,18,12,5,25,10,3,0,33,9)
360, 11487, [39](32,35,8,7,1,21,30,36,19,24,38,29,28,11,34,23,2,31,37,4,17,22,26,6,14,20,27,13,15,16,18,12,5,25,10,3,0,33,9)
361, 11487, [39](32,35,8,7,1,21,30,36,19,24,38,29,28,11,34,23,2,31,37,4,17,22,26,6,14,20,27,13,15,16,18,12,5,25,10,3,0,33,9)
362, 11487, [39](32,35,8,7,1,21,30,36,19,24,38,29,28,11,34,23,2,31,37,4,17,22,26,6,14,20,27,13,15,16,18,12,5,25,10,3,0,33,9)
363, 11487, [39](32,35,8,7,1,21,30,36,19,24,38,29,28,11,34,23,2,31,37,4,17,22,26,6,14,20,27,13,15,16,18,12,5,25,10,3,0,33,9)
364, 11487, [39](32,35,8,7,1,21,30,36,19,24,38,29,28,11,34,23,2,31,37,4,17,22,26,6,14,20,27,13,15,16,18,12,5,25,10,3,0,33,9)
365, 11487, [39](32,35,8,7,1,21,30,36,19,24,38,29,28,11,34,23,2,31,37,4,17,22,26,6,14,20,27,13,15,16,18,12,5,25,10,3,0,33,9)
366, 11487, [39](32,35,8,7,1,21,30,36,19,24,38,29,28,11,34,23,2,31,37,4,17,22,26,6,14,20,27,13,15,16,18,12,5,25,10,3,0,33,9)
367, 11487, [39](32,35,8,7,1,21,30,36,19,24,38,29,28,11,34,23,2,31,37,4,17,22,26,6,14,20,27,13,15,16,18,12,5,25,10,3,0,33,9)
368, 11487, [39](32,35,8,7,1,21,30,36,19,24,38,29,28,11,34,23,2,31,37,4,17,22,26,6,14,20,27,13,15,16,18,12,5,25,10,3,0,33,9)
369, 11487, [39](32,35,8,7,1,21,30,36,19,24,38,29,28,11,34,23,2,31,37,4,17,22,26,6,14,20,27,13,15,16,18,12,5,25,10,3,0,33,9)
370, 11487, [39](32,35,8,7,1,21,30,36,19,24,38,29,28,11,34,23,2,31,37,4,17,22,26,6,14,20,27,13,15,16,18,12,5,25,10,3,0,33,9)
371, 11487, [39](32,35,8,7,1,21,30,36,19,24,38,29,28,11,34,23,2,31,37,4,17,22,26,6,14,20,27,13,15,16,18,12,5,25,10,3,0,33,9)
372, 11487, [39](32,35,8,7,1,21,30,36,19,24,38,29,28,11,34,23,2,31,37,4,17,22,26,6,14,20,27,13,15,16,18,12,5,25,10,3,0,33,9)
373, 11487, [39](32,35,8,7,1,21,30,36,19,24,38,29,28,11,34,23,2,31,37,4,17,22,26,6,14,20,27,13,15,16,18,12,5,25,10,3,0,33,9)
374, 11487, [39](32,35,8,7,1,21,30,36,19,24,38,29,28,11,34,23,2,31,37,4,17,22,26,6,14,20,27,13,15,16,18,12,5,25,10,3,0,33,9)
375, 11487, [39](32,35,8,7,1,21,30,36,19,24,38,29,28,11,34,23,2,31,37,4,17,22,26,6,14,20,27,13,15,16,18,12,5,25,10,3,0,33,9)
376, 11487, [39](32,35,8,7,1,21,30,36,19,24,38,29,28,11,34,23,2,31,37,4,17,22,26,6,14,20,27,13,15,16,18,12,5,25,10,3,0,33,9)
377, 11487, [39](32,35,8,7,1,21,30,36,19,24,38,29,28,11,34,23,2,31,37,4,17,22,26,6,14,20,27,13,15,16,18,12,5,25,10,3,0,33,9)
378, 11487, [39](32,35,8,7,1,21,30,36,19,24,38,29,28,11,34,23,2,31,37,4,17,22,26,6,14,20,27,13,15,16,18,12,5,25,10,3,0,33,9)
379, 11487, [39](32,35,8,7,1,21,30,36,19,24,38,29,28,11,34,23,2,31,37,4,17,22,26,6,14,20,27,13,15,16,18,12,5,25,10,3,0,33,9)
380, 11487, [39](32,35,8,7,1,21,30,36,19,24,38,29,28,11,34,23,2,31,37,4,17,22,26,6,14,20,27,13,15,16,18,12,5,25,10,3,0,33,9)
381, 11487, [39](32,35,8,7,1,21,30,36,19,24,38,29,28,11,34,23,2,31,37,4,17,22,26,6,14,20,27,13,15,16,18,12,5,25,10,3,0,33,9)
382, 11487, [39](32,35,8,7,1,21,30,36,19,24,38,29,28,11,34,23,2,31,37,4,17,22,26,6,14,20,27,13,15,16,18,12,5,25,10,3,0,33,9)
383, 11487, [39](32,35,8,7,1,21,30,36,19,24,38,29,28,11,34,23,2,31,37,4,17,22,26,6,14,20,27,13,15,16,18,12,5,25,10,3,0,33,9)
384, 11487, [39](32,35,8,7,1,21,30,36,19,24,38,29,28,11,34,23,2,31,37,4,17,22,26,6,14,20,27,13,15,16,18,12,5,25,10,3,0,33,9)
385, 11487, [39](32,35,8,7,1,21,30,36,19,24,38,29,28,11,34,23,2,31,37,4,17,22,26,6,14,20,27,13,15,16,18,12,5,25,10,3,0,33,9)
386, 11487, [39](32,35,8,7,1,21,30,36,19,24,38,29,28,11,34,23,2,31,37,4,17,22,26,6,14,20,27,13,15,16,18,12,5,25,10,3,0,33,9)
387, 11487, [39](32,35,8,7,1,21,30,36,19,24,38,29,28,11,34,23,2,31,37,4,17,22,26,6,14,20,27,13,15,16,18,12,5,25,10,3,0,33,9)
388, 11487, [39](32,35,8,7,1,21,30,36,19,24,38,29,28,11,34,23,2,31,37,4,17,22,26,6,14,20,27,13,15,16,18,12,5,25,10,3,0,33,9)
389, 11487, [39](32,35,8,7,1,21,30,36,19,24,38,29,28,11,34,23,2,31,37,4,17,22,26,6,14,20,27,13,15,16,18,12,5,25,10,3,0,33,9)
390, 11487, [39](32,35,8,7,1,21,30,36,19,24,38,29,28,11,34,23,2,31,37,4,17,22,26,6,14,20,27,13,15,16,18,12,5,25,10,3,0,33,9)
391, 11487, [39](32,35,8,7,1,21,30,36,19,24,38,29,28,11,34,23,2,31,37,4,17,22,26,6,14,20,27,13,15,16,18,12,5,25,10,3,0,33,9)
392, 11487, [39](32,35,8,7,1,21,30,36,19,24,38,29,28,11,34,23,2,31,37,4,17,22,26,6,14,20,27,13,15,16,18,12,5,25,10,3,0,33,9)
393, 11487, [39](32,35,8,7,1,21,30,36,19,24,38,29,28,11,34,23,2,31,37,4,17,22,26,6,14,20,27,13,15,16,18,12,5,25,10,3,0,33,9)
394, 11487, [39](32,35,8,7,1,21,30,36,19,24,38,29,28,11,34,23,2,31,37,4,17,22,26,6,14,20,27,13,15,16,18,12,5,25,10,3,0,33,9)
395, 11487, [39](32,35,8,7,1,21,30,36,19,24,38,29,28,11,34,23,2,31,37,4,17,22,26,6,14,20,27,13,15,16,18,12,5,25,10,3,0,33,9)
396, 11487, [39](32,35,8,7,1,21,30,36,19,24,38,29,28,11,34,23,2,31,37,4,17,22,26,6,14,20,27,13,15,16,18,12,5,25,10,3,0,33,9)
397, 11487, [39](32,35,8,7,1,21,30,36,19,24,38,29,28,11,34,23,2,31,37,4,17,22,26,6,14,20,27,13,15,16,18,12,5,25,10,3,0,33,9)
398, 11487, [39](32,35,8,7,1,21,30,36,19,24,38,29,28,11,34,23,2,31,37,4,17,22,26,6,14,20,27,13,15,16,18,12,5,25,10,3,0,33,9)
399, 11487, [39](32,35,8,7,1,21,30,36,19,24,38,29,28,11,34,23,2,31,37,4,17,22,26,6,14,20,27,13,15,16,18,12,5,25,10,3,0,33,9)
400, 11487, [39](32,35,8,7,1,21,30,36,19,24,38,29,28,11,34,23,2,31,37,4,17,22,26,6,14,20,27,13,15,16,18,12,5,25,10,3,0,33,9)
401, 11487, [39](32,35,8,7,1,21,30,36,19,24,38,29,28,11,34,23,2,31,37,4,17,22,26,6,14,20,27,13,15,16,18,12,5,25,10,3,0,33,9)
402, 11487, [39](32,35,8,7,1,21,30,36,19,24,38,29,28,11,34,23,2,31,37,4,17,22,26,6,14,20,27,13,15,16,18,12,5,25,10,3,0,33,9)
403, 11487, [39](32,35,8,7,1,21,30,36,19,24,38,29,28,11,34,23,2,31,37,4,17,22,26,6,14,20,27,13,15,16,18,12,5,25,10,3,0,33,9)
404, 11487, [39](32,35,8,7,1,21,30,36,19,24,38,29,28,11,34,23,2,31,37,4,17,22,26,6,14,20,27,13,15,16,18,12,5,25,10,3,0,33,9)
405, 11487, [39](32,35,8,7,1,21,30,36,19,24,38,29,28,11,34,23,2,31,37,4,17,22,26,6,14,20,27,13,15,16,18,12,5,25,10,3,0,33,9)
406, 11487, [39](32,35,8,7,1,21,30,36,19,24,38,29,28,11,34,23,2,31,37,4,17,22,26,6,14,20,27,13,15,16,18,12,5,25,10,3,0,33,9)
407, 11487, [39](32,35,8,7,1,21,30,36,19,24,38,29,28,11,34,23,2,31,37,4,17,22,26,6,14,20,27,13,15,16,18,12,5,25,10,3,0,33,9)
408, 11487, [39](32,35,8,7,1,21,30,36,19,24,38,29,28,11,34,23,2,31,37,4,17,22,26,6,14,20,27,13,15,16,18,12,5,25,10,3,0,33,9)
409, 11487, [39](32,35,8,7,1,21,30,36,19,24,38,29,28,11,34,23,2,31,37,4,17,22,26,6,14,20,27,13,15,16,18,12,5,25,10,3,0,33,9)
410, 11487, [39](32,35,8,7,1,21,30,36,19,24,38,29,28,11,34,23,2,31,37,4,17,22,26,6,14,20,27,13,15,16,18,12,5,25,10,3,0,33,9)
411, 11487, [39](32,35,8,7,1,21,30,36,19,24,38,29,28,11,34,23,2,31,37,4,17,22,26,6,14,20,27,13,15,16,18,12,5,25,10,3,0,33,9)
412, 11487, [39](32,35,8,7,1,21,30,36,19,24,38,29,28,11,34,23,2,31,37,4,17,22,26,6,14,20,27,13,15,16,18,12,5,25,10,3,0,33,9)
413, 11487, [39](32,35,8,7,1,21,30,36,19,24,38,29,28,11,34,23,2,31,37,4,17,22,26,6,14,20,27,13,15,16,18,12,5,25,10,3,0,33,9)
414, 11487, [39](32,35,8,7,1,21,30,36,19,24,38,29,28,11,34,23,2,31,37,4,17,22,26,6,14,20,27,13,15,16,18,12,5,25,10,3,0,33,9)
415, 11487, [39](32,35,8,7,1,21,30,36,19,24,38,29,28,11,34,23,2,31,37,4,17,22,26,6,14,20,27,13,15,16,18,12,5,25,10,3,0,33,9)
416, 11487, [39](32,35,8,7,1,21,30,36,19,24,38,29,28,11,34,23,2,31,37,4,17,22,26,6,14,20,27,13,15,16,18,12,5,25,10,3,0,33,9)
417, 11487, [39](32,35,8,7,1,21,30,36,19,24,38,29,28,11,34,23,2,31,37,4,17,22,26,6,14,20,27,13,15,16,18,12,5,25,10,3,0,33,9)
418, 11487, [39](32,35,8,7,1,21,30,36,19,24,38,29,28,11,34,23,2,31,37,4,17,22,26,6,14,20,27,13,15,16,18,12,5,25,10,3,0,33,9)
419, 11487, [39](32,35,8,7,1,21,30,36,19,24,38,29,28,11,34,23,2,31,37,4,17,22,26,6,14,20,27,13,15,16,18,12,5,25,10,3,0,33,9)
420, 11487, [39](32,35,8,7,1,21,30,36,19,24,38,29,28,11,34,23,2,31,37,4,17,22,26,6,14,20,27,13,15,16,18,12,5,25,10,3,0,33,9)
421, 11487, [39](32,35,8,7,1,21,30,36,19,24,38,29,28,11,34,23,2,31,37,4,17,22,26,6,14,20,27,13,15,16,18,12,5,25,10,3,0,33,9)
422, 11487, [39](32,35,8,7,1,21,30,36,19,24,38,29,28,11,34,23,2,31,37,4,17,22,26,6,14,20,27,13,15,16,18,12,5,25,10,3,0,33,9)
423, 11487, [39](32,35,8,7,1,21,30,36,19,24,38,29,28,11,34,23,2,31,37,4,17,22,26,6,14,20,27,13,15,16,18,12,5,25,10,3,0,33,9)
424, 11487, [39](32,35,8,7,1,21,30,36,19,24,38,29,28,11,34,23,2,31,37,4,17,22,26,6,14,20,27,13,15,16,18,12,5,25,10,3,0,33,9)
425, 11487, [39](32,35,8,7,1,21,30,36,19,24,38,29,28,11,34,23,2,31,37,4,17,22,26,6,14,20,27,13,15,16,18,12,5,25,10,3,0,33,9)
426, 11487, [39](32,35,8,7,1,21,30,36,19,24,38,29,28,11,34,23,2,31,37,4,17,22,26,6,14,20,27,13,15,16,18,12,5,25,10,3,0,33,9)
427, 11487, [39](32,35,8,7,1,21,30,36,19,24,38,29,28,11,34,23,2,31,37,4,17,22,26,6,14,20,27,13,15,16,18,12,5,25,10,3,0,33,9)
428, 11487, [39](32,35,8,7,1,21,30,36,19,24,38,29,28,11,34,23,2,31,37,4,17,22,26,6,14,20,27,13,15,16,18,12,5,25,10,3,0,33,9)
429, 11487, [39](32,35,8,7,1,21,30,36,19,24,38,29,28,11,34,23,2,31,37,4,17,22,26,6,14,20,27,13,15,16,18,12,5,25,10,3,0,33,9)
430, 11487, [39](32,35,8,7,1,21,30,36,19,24,38,29,28,11,34,23,2,31,37,4,17,22,26,6,14,20,27,13,15,16,18,12,5,25,10,3,0,33,9)
431, 11487, [39](32,35,8,7,1,21,30,36,19,24,38,29,28,11,34,23,2,31,37,4,17,22,26,6,14,20,27,13,15,16,18,12,5,25,10,3,0,33,9)
432, 11487, [39](32,35,8,7,1,21,30,36,19,24,38,29,28,11,34,23,2,31,37,4,17,22,26,6,14,20,27,13,15,16,18,12,5,25,10,3,0,33,9)
433, 11487, [39](32,35,8,7,1,21,30,36,19,24,38,29,28,11,34,23,2,31,37,4,17,22,26,6,14,20,27,13,15,16,18,12,5,25,10,3,0,33,9)
434, 11487, [39](32,35,8,7,1,21,30,36,19,24,38,29,28,11,34,23,2,31,37,4,17,22,26,6,14,20,27,13,15,16,18,12,5,25,10,3,0,33,9)
435, 11487, [39](32,35,8,7,1,21,30,36,19,24,38,29,28,11,34,23,2,31,37,4,17,22,26,6,14,20,27,13,15,16,18,12,5,25,10,3,0,33,9)
436, 11487, [39](32,35,8,7,1,21,30,36,19,24,38,29,28,11,34,23,2,31,37,4,17,22,26,6,14,20,27,13,15,16,18,12,5,25,10,3,0,33,9)
437, 11487, [39](32,35,8,7,1,21,30,36,19,24,38,29,28,11,34,23,2,31,37,4,17,22,26,6,14,20,27,13,15,16,18,12,5,25,10,3,0,33,9)
438, 11487, [39](32,35,8,7,1,21,30,36,19,24,38,29,28,11,34,23,2,31,37,4,17,22,26,6,14,20,27,13,15,16,18,12,5,25,10,3,0,33,9)
439, 11487, [39](32,35,8,7,1,21,30,36,19,24,38,29,28,11,34,23,2,31,37,4,17,22,26,6,14,20,27,13,15,16,18,12,5,25,10,3,0,33,9)
440, 11487, [39](32,35,8,7,1,21,30,36,19,24,38,29,28,11,34,23,2,31,37,4,17,22,26,6,14,20,27,13,15,16,18,12,5,25,10,3,0,33,9)
441, 11487, [39](32,35,8,7,1,21,30,36,19,24,38,29,28,11,34,23,2,31,37,4,17,22,26,6,14,20,27,13,15,16,18,12,5,25,10,3,0,33,9)
442, 11487, [39](32,35,8,7,1,21,30,36,19,24,38,29,28,11,34,23,2,31,37,4,17,22,26,6,14,20,27,13,15,16,18,12,5,25,10,3,0,33,9)
443, 11487, [39](32,35,8,7,1,21,30,36,19,24,38,29,28,11,34,23,2,31,37,4,17,22,26,6,14,20,27,13,15,16,18,12,5,25,10,3,0,33,9)
444, 11487, [39](32,35,8,7,1,21,30,36,19,24,38,29,28,11,34,23,2,31,37,4,17,22,26,6,14,20,27,13,15,16,18,12,5,25,10,3,0,33,9)
445, 11487, [39](32,35,8,7,1,21,30,36,19,24,38,29,28,11,34,23,2,31,37,4,17,22,26,6,14,20,27,13,15,16,18,12,5,25,10,3,0,33,9)
446, 11487, [39](32,35,8,7,1,21,30,36,19,24,38,29,28,11,34,23,2,31,37,4,17,22,26,6,14,20,27,13,15,16,18,12,5,25,10,3,0,33,9)
447, 11487, [39](32,35,8,7,1,21,30,36,19,24,38,29,28,11,34,23,2,31,37,4,17,22,26,6,14,20,27,13,15,16,18,12,5,25,10,3,0,33,9)
448, 11487, [39](32,35,8,7,1,21,30,36,19,24,38,29,28,11,34,23,2,31,37,4,17,22,26,6,14,20,27,13,15,16,18,12,5,25,10,3,0,33,9)
449, 11487, [39](32,35,8,7,1,21,30,36,19,24,38,29,28,11,34,23,2,31,37,4,17,22,26,6,14,20,27,13,15,16,18,12,5,25,10,3,0,33,9)
450, 11487, [39](32,35,8,7,1,21,30,36,19,24,38,29,28,11,34,23,2,31,37,4,17,22,26,6,14,20,27,13,15,16,18,12,5,25,10,3,0,33,9)
451, 11487, [39](32,35,8,7,1,21,30,36,19,24,38,29,28,11,34,23,2,31,37,4,17,22,26,6,14,20,27,13,15,16,18,12,5,25,10,3,0,33,9)
452, 11487, [39](32,35,8,7,1,21,30,36,19,24,38,29,28,11,34,23,2,31,37,4,17,22,26,6,14,20,27,13,15,16,18,12,5,25,10,3,0,33,9)
453, 11487, [39](32,35,8,7,1,21,30,36,19,24,38,29,28,11,34,23,2,31,37,4,17,22,26,6,14,20,27,13,15,16,18,12,5,25,10,3,0,33,9)
454, 11487, [39](32,35,8,7,1,21,30,36,19,24,38,29,28,11,34,23,2,31,37,4,17,22,26,6,14,20,27,13,15,16,18,12,5,25,10,3,0,33,9)
455, 11487, [39](32,35,8,7,1,21,30,36,19,24,38,29,28,11,34,23,2,31,37,4,17,22,26,6,14,20,27,13,15,16,18,12,5,25,10,3,0,33,9)
456, 11487, [39](32,35,8,7,1,21,30,36,19,24,38,29,28,11,34,23,2,31,37,4,17,22,26,6,14,20,27,13,15,16,18,12,5,25,10,3,0,33,9)
457, 11487, [39](32,35,8,7,1,21,30,36,19,24,38,29,28,11,34,23,2,31,37,4,17,22,26,6,14,20,27,13,15,16,18,12,5,25,10,3,0,33,9)
458, 11487, [39](32,35,8,7,1,21,30,36,19,24,38,29,28,11,34,23,2,31,37,4,17,22,26,6,14,20,27,13,15,16,18,12,5,25,10,3,0,33,9)
459, 11487, [39](32,35,8,7,1,21,30,36,19,24,38,29,28,11,34,23,2,31,37,4,17,22,26,6,14,20,27,13,15,16,18,12,5,25,10,3,0,33,9)
460, 11487, [39](32,35,8,7,1,21,30,36,19,24,38,29,28,11,34,23,2,31,37,4,17,22,26,6,14,20,27,13,15,16,18,12,5,25,10,3,0,33,9)
461, 11487, [39](32,35,8,7,1,21,30,36,19,24,38,29,28,11,34,23,2,31,37,4,17,22,26,6,14,20,27,13,15,16,18,12,5,25,10,3,0,33,9)
462, 11487, [39](32,35,8,7,1,21,30,36,19,24,38,29,28,11,34,23,2,31,37,4,17,22,26,6,14,20,27,13,15,16,18,12,5,25,10,3,0,33,9)
463, 11487, [39](32,35,8,7,1,21,30,36,19,24,38,29,28,11,34,23,2,31,37,4,17,22,26,6,14,20,27,13,15,16,18,12,5,25,10,3,0,33,9)
464, 11487, [39](32,35,8,7,1,21,30,36,19,24,38,29,28,11,34,23,2,31,37,4,17,22,26,6,14,20,27,13,15,16,18,12,5,25,10,3,0,33,9)
465, 11487, [39](32,35,8,7,1,21,30,36,19,24,38,29,28,11,34,23,2,31,37,4,17,22,26,6,14,20,27,13,15,16,18,12,5,25,10,3,0,33,9)
466, 11487, [39](32,35,8,7,1,21,30,36,19,24,38,29,28,11,34,23,2,31,37,4,17,22,26,6,14,20,27,13,15,16,18,12,5,25,10,3,0,33,9)
467, 11487, [39](32,35,8,7,1,21,30,36,19,24,38,29,28,11,34,23,2,31,37,4,17,22,26,6,14,20,27,13,15,16,18,12,5,25,10,3,0,33,9)
468, 11487, [39](32,35,8,7,1,21,30,36,19,24,38,29,28,11,34,23,2,31,37,4,17,22,26,6,14,20,27,13,15,16,18,12,5,25,10,3,0,33,9)
469, 11487, [39](32,35,8,7,1,21,30,36,19,24,38,29,28,11,34,23,2,31,37,4,17,22,26,6,14,20,27,13,15,16,18,12,5,25,10,3,0,33,9)
470, 11487, [39](32,35,8,7,1,21,30,36,19,24,38,29,28,11,34,23,2,31,37,4,17,22,26,6,14,20,27,13,15,16,18,12,5,25,10,3,0,33,9)
471, 11487, [39](32,35,8,7,1,21,30,36,19,24,38,29,28,11,34,23,2,31,37,4,17,22,26,6,14,20,27,13,15,16,18,12,5,25,10,3,0,33,9)
472, 11487, [39](32,35,8,7,1,21,30,36,19,24,38,29,28,11,34,23,2,31,37,4,17,22,26,6,14,20,27,13,15,16,18,12,5,25,10,3,0,33,9)
473, 11487, [39](32,35,8,7,1,21,30,36,19,24,38,29,28,11,34,23,2,31,37,4,17,22,26,6,14,20,27,13,15,16,18,12,5,25,10,3,0,33,9)
474, 11487, [39](32,35,8,7,1,21,30,36,19,24,38,29,28,11,34,23,2,31,37,4,17,22,26,6,14,20,27,13,15,16,18,12,5,25,10,3,0,33,9)
475, 11487, [39](32,35,8,7,1,21,30,36,19,24,38,29,28,11,34,23,2,31,37,4,17,22,26,6,14,20,27,13,15,16,18,12,5,25,10,3,0,33,9)
476, 11487, [39](32,35,8,7,1,21,30,36,19,24,38,29,28,11,34,23,2,31,37,4,17,22,26,6,14,20,27,13,15,16,18,12,5,25,10,3,0,33,9)
477, 11487, [39](32,35,8,7,1,21,30,36,19,24,38,29,28,11,34,23,2,31,37,4,17,22,26,6,14,20,27,13,15,16,18,12,5,25,10,3,0,33,9)
478, 11487, [39](32,35,8,7,1,21,30,36,19,24,38,29,28,11,34,23,2,31,37,4,17,22,26,6,14,20,27,13,15,16,18,12,5,25,10,3,0,33,9)
479, 11487, [39](32,35,8,7,1,21,30,36,19,24,38,29,28,11,34,23,2,31,37,4,17,22,26,6,14,20,27,13,15,16,18,12,5,25,10,3,0,33,9)
480, 11487, [39](32,35,8,7,1,21,30,36,19,24,38,29,28,11,34,23,2,31,37,4,17,22,26,6,14,20,27,13,15,16,18,12,5,25,10,3,0,33,9)
481, 11487, [39](32,35,8,7,1,21,30,36,19,24,38,29,28,11,34,23,2,31,37,4,17,22,26,6,14,20,27,13,15,16,18,12,5,25,10,3,0,33,9)
482, 11487, [39](32,35,8,7,1,21,30,36,19,24,38,29,28,11,34,23,2,31,37,4,17,22,26,6,14,20,27,13,15,16,18,12,5,25,10,3,0,33,9)
483, 11487, [39](32,35,8,7,1,21,30,36,19,24,38,29,28,11,34,23,2,31,37,4,17,22,26,6,14,20,27,13,15,16,18,12,5,25,10,3,0,33,9)
484, 11487, [39](32,35,8,7,1,21,30,36,19,24,38,29,28,11,34,23,2,31,37,4,17,22,26,6,14,20,27,13,15,16,18,12,5,25,10,3,0,33,9)
485, 11487, [39](32,35,8,7,1,21,30,36,19,24,38,29,28,11,34,23,2,31,37,4,17,22,26,6,14,20,27,13,15,16,18,12,5,25,10,3,0,33,9)
486, 11487, [39](32,35,8,7,1,21,30,36,19,24,38,29,28,11,34,23,2,31,37,4,17,22,26,6,14,20,27,13,15,16,18,12,5,25,10,3,0,33,9)
487, 11487, [39](32,35,8,7,1,21,30,36,19,24,38,29,28,11,34,23,2,31,37,4,17,22,26,6,14,20,27,13,15,16,18,12,5,25,10,3,0,33,9)
488, 11487, [39](32,35,8,7,1,21,30,36,19,24,38,29,28,11,34,23,2,31,37,4,17,22,26,6,14,20,27,13,15,16,18,12,5,25,10,3,0,33,9)
489, 11487, [39](32,35,8,7,1,21,30,36,19,24,38,29,28,11,34,23,2,31,37,4,17,22,26,6,14,20,27,13,15,16,18,12,5,25,10,3,0,33,9)
490, 11487, [39](32,35,8,7,1,21,30,36,19,24,38,29,28,11,34,23,2,31,37,4,17,22,26,6,14,20,27,13,15,16,18,12,5,25,10,3,0,33,9)
491, 11487, [39](32,35,8,7,1,21,30,36,19,24,38,29,28,11,34,23,2,31,37,4,17,22,26,6,14,20,27,13,15,16,18,12,5,25,10,3,0,33,9)
492, 11487, [39](32,35,8,7,1,21,30,36,19,24,38,29,28,11,34,23,2,31,37,4,17,22,26,6,14,20,27,13,15,16,18,12,5,25,10,3,0,33,9)
493, 11487, [39](32,35,8,7,1,21,30,36,19,24,38,29,28,11,34,23,2,31,37,4,17,22,26,6,14,20,27,13,15,16,18,12,5,25,10,3,0,33,9)
494, 11487, [39](32,35,8,7,1,21,30,36,19,24,38,29,28,11,34,23,2,31,37,4,17,22,26,6,14,20,27,13,15,16,18,12,5,25,10,3,0,33,9)
495, 11487, [39](32,35,8,7,1,21,30,36,19,24,38,29,28,11,34,23,2,31,37,4,17,22,26,6,14,20,27,13,15,16,18,12,5,25,10,3,0,33,9)
496, 11487, [39](32,35,8,7,1,21,30,36,19,24,38,29,28,11,34,23,2,31,37,4,17,22,26,6,14,20,27,13,15,16,18,12,5,25,10,3,0,33,9)
497, 11487, [39](32,35,8,7,1,21,30,36,19,24,38,29,28,11,34,23,2,31,37,4,17,22,26,6,14,20,27,13,15,16,18,12,5,25,10,3,0,33,9)
498, 11487, [39](32,35,8,7,1,21,30,36,19,24,38,29,28,11,34,23,2,31,37,4,17,22,26,6,14,20,27,13,15,16,18,12,5,25,10,3,0,33,9)
499, 11487, [39](32,35,8,7,1,21,30,36,19,24,38,29,28,11,34,23,2,31,37,4,17,22,26,6,14,20,27,13,15,16,18,12,5,25,10,3,0,33,9)
